6.532154340836013
6.143382352941177
6.301854974704891
6.327759197324415
6.220338983050848
6.7240829346092506
6.545774647887324
6.303425774877651
6.495098039215686
6.278333333333333
6.417218543046357
6.415094339622642
6.462837837837838
6.42320819112628
6.419689119170984
6.483050847457627
6.1708542713567835
6.224080267558528
6.425675675675675
6.413629160063391
6.422818791946309
6.473083197389886
6.283018867924528
6.084656084656085
6.2805071315372425
6.514851485148514
6.427168576104746
6.4335548172757475
6.533333333333333
6.355371900826446
6.364077669902913
6.216129032258064
6.031986531986532
6.342806394316163
6.388059701492537
6.038062283737024
5.925373134328358
6.4288107202680065
6.242174629324547
6.482993197278912
6.102292768959436
6.206896551724138
6.257001647446458
6.166380789022298
6.341666666666667
6.254295532646048
6.301854974704891
6.433006535947713
6.271646859083192
6.192239858906525
6.14759535655058
6.31986531986532
6.258620689655173
6.46742671009772
6.315878378378378
6.27008547008547
6.389915966386555
6.361769352290679
6.376623376623376
6.5772357723577235
6.45326278659612
6.505962521294719
6.187192118226601
6.2027972027972025
6.384244372990354
6.303630363036303
6.296774193548387
6.2227891156462585
6.5023400936037445
6.27140549273021
6.429032258064516
6.320137693631669
6.405084745762712
6.2974789915966385
6.343906510851419
6.245033112582782
6.294117647058823
6.407830342577488
6.025862068965517
6.250420168067227
6.264090177133656
6.419512195121952
6.2397137745974955
6.386986301369863
5.987075928917609
6.07032590051458
6.222222222222222
6.309121621621622
6.107843137254902
6.368248772504091
6.6105610561056105
5.854640980735551
6.325542570951586
6.190954773869347
6.485483870967742
6.436274509803922
6.28
6.191803278688525
6.070446735395189
5.960884353741497
6.216806722689076
6.201954397394137
6.5359477124183005
6.186006825938566
6.234726688102894
6.420545746388443
5.695729537366548
6.180921052631579
6.2834394904458595
6.280612244897959
6.160621761658031
6.3681592039801
6.285714285714286
6.061946902654867
6.017152658662092
6.135350318471337
6.278991596638655
6.327272727272727
6.29047619047619
6.212224108658743
6.09468438538206
6.235
6.059544658493871
6.033687943262412
5.988155668358714
6.082101806239737
6.09866220735786
6.043402777777778
6.107913669064748
6.095726495726495
6.053633217993079
6.324324324324325
6.037567084078712
6.541033434650456
6.147909967845659
6.356687898089172
6.321428571428571
6.25
6.0
6.379194630872483
6.1
6.366666666666666
6.199013157894737
5.931389365351629
6.030201342281879
6.244961240310078
6.079037800687285
6.213355048859935
6.1340872374798066
5.898058252427185
5.973640856672158
5.86231884057971
5.970588235294118
6.352
6.1375838926174495
5.959252971137521
