86.0
49.0
74.0
82.0
73.0
102.0
70.0
83.0
77.0
74.0
81.0
82.0
84.0
61.0
82.0
80.0
70.0
65.0
77.0
70.0
70.0
87.0
67.0
49.0
81.0
90.0
81.0
64.0
77.0
68.0
80.0
61.0
43.0
67.0
76.0
59.0
57.0
77.0
74.0
94.0
55.0
63.0
65.0
67.0
68.0
68.0
70.0
90.0
76.0
55.0
64.0
66.0
66.0
80.0
68.0
67.0
77.0
85.0
79.0
94.0
70.0
82.0
68.0
65.0
68.0
62.0
61.0
61.0
72.0
82.0
90.0
56.0
70.0
78.0
63.0
74.0
80.0
64.0
50.0
73.0
73.0
88.0
58.0
71.0
54.0
54.0
60.0
64.0
58.0
63.0
80.0
41.0
78.0
83.0
73.0
66.0
68.0
57.0
58.0
59.0
49.0
65.0
78.0
64.0
72.0
81.0
31.0
75.0
80.0
65.0
70.0
75.0
69.0
53.0
50.0
62.0
65.0
77.0
71.0
73.0
57.0
61.0
49.0
48.0
41.0
61.0
68.0
67.0
45.0
63.0
67.0
68.0
47.0
88.0
63.0
75.0
78.0
74.0
58.0
58.0
63.0
79.0
59.0
50.0
49.0
59.0
49.0
52.0
75.0
50.0
56.0
55.0
60.0
83.0
61.0
52.0
