364.7845251831878
320.2445827739381
344.5266898124483
360.4187737687835
330.8672860874103
401.1463576280805
371.2978280842308
336.57744738265416
367.4764576532841
361.5014542760101
342.51954251049426
323.78134249129494
363.27646585691514
350.4673557560326
337.13614835320436
350.84224928992586
338.6643758442174
350.41019489382
333.38742710195277
371.6537895776752
361.6705419939482
351.98288423766587
349.3372459149402
330.1542277961904
377.3331036006045
339.9756563468209
372.48682823979
361.047217115923
363.11078648575767
401.7502029502647
366.6719006457715
370.15782067395537
356.0856363454394
320.2504409897163
379.4450553290714
338.9490809723146
310.1480352761931
351.22060735713313
348.80859269125665
356.42948868219713
346.0030097162594
345.2984828112236
353.39687653755504
343.4747291269255
345.7313616816203
338.8315746217239
364.8474646266135
354.1639540271429
352.73763690041994
342.5720071843026
353.74982155520553
359.40788187477017
358.2729708561545
375.3061391964
361.38123910700074
351.66555186908784
375.8444359197615
384.71249283964914
372.174134432272
364.24405503293593
337.56908494028926
375.65115429283804
348.2599034589618
324.56333417397
382.54107602432896
362.6118515606513
376.38824412977124
363.2773869507224
392.86228568713597
356.5102243151395
372.1702521562568
365.4639893274483
366.40860835591207
359.5224047651412
356.29459532911824
362.8136296372986
347.8508670845007
382.43270120731415
344.04954109876905
361.8514231595945
349.2782714919816
403.2192840138372
357.6779644231621
342.12333808403014
345.13319391580137
353.5234977500271
351.1547779433145
377.35416770007043
371.49875242907206
370.0384793350014
375.5766292202904
323.37532014229
355.9728705392272
343.9246218450483
393.8965056917541
387.7718673609117
370.859300693483
378.7344087665359
342.0432902597713
326.5297100662824
379.3479625242335
368.67166658748374
391.6723649092381
363.65453709525406
358.40518876964643
392.45352661497634
322.1423869402219
352.6827329394496
377.5963981742376
359.68421823396756
342.8794853868842
371.63414790548256
388.5876332763449
343.13281916981066
351.33238219366353
388.6280293287165
355.74505367530435
363.22265998858177
384.2362418165775
349.790642893572
371.1761972536799
381.59338338854366
348.7705987209539
358.6418964587689
382.99260987901346
362.7358020431572
341.27934526939123
319.03977419144223
351.95799135246807
369.5914432120329
352.20185714425094
344.686716971054
327.18739100448227
407.5017477347715
363.8947920462838
377.91513774422697
368.9056079819115
380.47927719533993
360.33075979934296
380.7086578379248
347.1416858930609
379.4625118724753
389.2936689374054
349.97541687325486
364.3585990751477
383.19348712330344
361.97488236095313
398.6197085885532
379.54273700229584
375.0600610692771
355.62602787442387
303.7970811675649
350.09295442299504
360.8412918067476
379.1166388342167
346.5255248139327
