246.07886870420307
414.28885430651553
301.5933275468879
248.0953065578041
311.03317847814736
123.51341059297981
274.3255429789423
271.0556381543364
295.00588558667897
309.0996364309974
264.67011437237653
230.55466437717627
218.23088353577123
375.08316106099187
220.9409629116989
245.41443767751852
343.0339060389457
374.247451276545
276.3531432245119
375.5615526055812
324.48236450151296
231.40427894058357
334.94068852126486
449.7114430509525
303.44172409984884
200.9060859132948
267.3532929400526
375.26319572101926
253.57230337856063
345.1874492624338
289.3570248385571
431.4105448315112
529.2535909136402
309.11238975257095
290.2387361677321
396.51272975692126
461.48799118095167
279.34484816071665
324.6228518271858
142.99262782945073
402.99924757093515
362.6753792971941
385.8007808656113
341.5063177182686
352.19215957959494
330.2921063445691
324.5131338433467
210.18401149321426
280.76559077489503
400.0319982039243
391.5375446111986
354.5980295313075
336.18175728596145
276.34846520089997
337.22969022324986
337.983612032728
271.88889102005965
272.7968767900877
291.3564663919319
177.56398624176603
285.1827287649277
219.66221142679046
372.33502413525946
341.75916645650744
374.5397309939177
400.8470371098372
426.1029389675572
383.7556532623194
367.18442857821606
283.72244392121513
218.00743696093582
403.234002668138
314.972847911022
273.0943988087148
382.92635116772044
316.39659259067537
262.1622832288749
387.7918246981715
461.86261472530776
309.61214421010146
351.93043212700456
217.09517899654065
360.98050889420944
305.71916547899247
495.76670152104964
434.1941255624932
361.6113055141713
361.53645807498236
444.77531189273196
396.66538016624975
257.6558426949274
523.4311699644275
278.83178236519325
249.8188445387379
328.95087357706154
369.63203315977205
348.68517482662935
443.041397808366
407.5141774350572
418.4925724834294
474.7380093689417
395.23208335312904
280.08190877269055
361.21136572618656
359.5487028075883
280.886618346256
586.3894032649445
320.9793167651377
305.65090045644075
354.10394544150813
314.75512865327903
300.0914630236294
350.7530916809137
416.3417952075474
465.0669044515841
435.8679926678209
365.86373658117395
293.0943350028545
369.7159395458556
305.127339276607
437.03095068658
397.0266541528642
452.30735031976144
447.1145258853077
533.8268475302465
422.5160494892107
361.1551636826522
342.16505645213937
454.31050216188294
369.1521391969917
336.5245357139372
341.02832075723643
454.07815224887935
275.3245630663071
425.2263019884291
337.1212155639433
301.72359800452216
305.63018070116505
454.0673100501643
405.6728355405186
366.86457852673476
311.30937203188125
423.0015827656486
469.15614578168635
488.36035023121303
479.10162821917413
465.15627940976174
478.2200728528618
333.339315749426
518.8599847326808
461.143493031394
400.3507297081088
389.6517613942513
281.0396770483131
395.87084029144586
464.1186187965169
