
6.3120805369127515
6.108348134991119
6.469115191986645
6.357015985790409
6.285714285714286
6.116928446771379
6.315024232633279
6.342007434944238
6.413461538461538
6.4347133757961785
6.459219858156028
6.256077795786061
6.461794019933555
6.257851239669422
6.300163132137031
6.454700854700855
6.268965517241379
6.206837606837607
6.126712328767123
6.287671232876712
6.3133333333333335
6.461285008237232
6.642628205128205
6.003466204506066
6.329391891891892
6.5212224108658745
6.355442176870748
6.324492979719189
6.192926045016077
6.213403880070547
6.4794745484400655
6.505636070853462
6.301204819277109
6.274914089347079
6.267006802721088
6.448275862068965
6.196277495769881
6.055732484076433
6.200996677740863
6.0855704697986575
6.055462184873949
6.19504132231405
6.31413612565445
6.193979933110368
6.47987117552335
6.210097719869707
5.983108108108108
6.309364548494983
6.131886477462437
6.220103986135182
6.309562398703403
6.159663865546219
6.208828522920204
6.492163009404389
6.2979452054794525
6.325984251968504
6.237774030354132
6.315359477124183
6.504012841091493
6.226130653266332
6.14026402640264
6.137417218543046
6.07426597582038
6.095320623916811
6.056701030927835
6.082077051926298
5.983844911147012
6.253311258278146
6.221698113207547
6.228426395939087
6.159395973154362
6.095744680851064
6.074198988195615
6.229617304492512
5.863486842105263
5.9345335515548285
6.146422628951747
6.180762852404643
6.229752066115703
6.438253012048193
6.253521126760563
5.9900826446280995
5.800699300699301
6.102866779089376
6.060301507537688
5.760683760683761
5.875647668393782
6.038155802861685
6.117850953206239
6.07495741056218
5.969230769230769
6.079931972789115
6.316326530612245
6.128333333333333
6.063793103448276
6.325914149443562
5.942528735632184
6.079796264855688
6.301639344262295
6.309951060358891
6.056818181818182
6.0864600326264275
5.929432013769363
6.302931596091205
6.219936708860759
5.838063439065109
5.8389261744966445
6.370617696160267
6.215358931552587
5.9188311688311686
5.903448275862069
6.1305084745762715
5.760831889081456
6.251207729468599
6.001661129568106
5.657801418439717
5.8160136286201025
6.037414965986395
6.102362204724409
5.808290155440415
5.915032679738562
6.2368
5.837795275590551
5.759036144578313
5.644230769230769
5.754098360655738
5.996661101836394
5.921052631578948
6.08277027027027
6.101836393989983
6.231766612641815
6.276972624798712
6.163636363636364
6.151090342679128
6.14070351758794
5.9216354344122655
5.896039603960396
6.0308441558441555
5.7643979057591626
5.678333333333334
6.062300319488818
5.925297113752122
5.909090909090909
6.02013422818792
5.666666666666667
6.066343042071197
5.939899833055092
5.85551948051948
5.821895424836601
5.71523178807947
5.7023809523809526
5.7669421487603305
6.244732576985413
5.9872
5.738693467336684
6.016528925619835
6.170212765957447
5.929765886287625
5.932038834951456
6.053067993366501
6.006568144499179
6.222585924713584
5.956810631229236
6.067741935483871
5.908006814310051
5.884550084889644
5.745331069609508
5.937605396290051
5.947811447811448
5.64695945945946
6.021523178807947
6.105902777777778
5.821917808219178
5.681518151815181
5.807370184254606
5.850961538461538
6.108974358974359
6.070015220700152
5.804173354735153
5.756013745704467
5.741007194244604
5.784539473684211
5.903937007874016
5.932203389830509
5.51241134751773
6.10981697171381
5.365051903114187
5.908646003262643
5.711835334476844
6.004777070063694
5.7215189873417724
5.672597864768683
5.723154362416107
6.067503924646782
5.671009771986971
6.017064846416382
5.727112676056338
5.911147011308562
5.687285223367698
5.791958041958042
5.904513888888889
5.794612794612795
5.705314009661835
5.859929078014185
5.7379310344827585
5.621533442088091
5.833333333333333
5.697635135135135
5.768067226890756
5.757679180887372
5.6521739130434785
5.750788643533123
5.847341337907376
5.597337770382696
5.703703703703703
5.616
6.018363939899833
6.01305057096248
5.50261780104712
5.788778877887789
5.910774410774411
5.5424
5.712643678160919
5.511475409836065
5.92604501607717
5.926282051282051
5.745847176079734
5.69205298013245
5.594227504244482
5.813953488372093
5.6683250414593696
5.507692307692308
5.51858407079646
5.867213114754098
5.601957585644372
5.555555555555555
5.948247078464107
5.6891891891891895
5.592105263157895
5.529203539823009
5.972357723577236
5.698979591836735
5.702875399361022
5.781196581196581
5.934920634920635
5.745393634840871
5.814332247557004
5.835504885993485
5.476345840130506
5.808724832214765
5.644951140065147
5.48099173553719
5.704081632653061
5.6735751295336785
5.716639209225701
5.6921739130434785
5.621970920840065
5.818471337579618
5.4649910233393175
5.4553264604811
5.567114093959732
5.689144736842105
5.623885918003565
5.6568627450980395
5.471358428805237
5.5790349417637275
5.371186440677966
5.718354430379747
5.547495682210708
5.562277580071174
5.682042833607908
6.099041533546326
5.8407224958949095
5.5675675675675675
5.47719298245614
5.686241610738255
5.504145936981758
5.909395973154362
5.527433628318584
5.658703071672355
6.0272
5.714521452145214
5.4588441330998245
5.681135225375626
5.773109243697479
5.545605306799336
5.657237936772047
5.733558178752108
5.482587064676617
5.587171052631579
6.16036308623298
5.679401993355482
5.392265193370166
5.853242320819112
5.634868421052632
5.844051446945338
6.0148270181219115
5.419463087248322
5.662809917355372
5.633802816901408
5.664347826086956
5.86084142394822
5.717703349282297
5.927943760984183
5.490848585690515
5.511343804537522
5.892156862745098
5.573578595317726
5.433797909407666
5.401709401709402
5.693520140105079
5.579439252336448
5.579207920792079
5.66383701188455
5.647651006711409
5.585448392554992
5.52808988764045
5.690598290598291
5.465364120781527
5.609075043630018
5.71859296482412
5.500826446280992
5.4030874785591765
5.63801652892562
5.550084889643464
5.868078175895765
5.59170653907496
5.681208053691275
5.603252032520325
5.584814216478191
5.4350086655112655
5.611599297012302
5.642384105960265
5.634304207119741
5.741350906095552
5.6512455516014235
5.652892561983471
5.802955665024631
5.578856152512998
5.581314878892734
5.562604340567613
5.649328859060403
5.816528925619835
5.710479573712256
5.543441226575809
5.532871972318339
5.658978583196046
5.632027257240204
5.552188552188552
5.394654088050315
5.510600706713781
5.8006230529595015
5.642262895174709
5.669477234401349
5.612280701754386
5.6318407960199
5.597560975609756
5.817725752508361
5.82258064516129
5.518518518518518
5.637110016420361
5.5395189003436425
5.727427597955707
5.509666080843585
5.380106571936057
5.469135802469136
5.499148211243612
5.319587628865979
5.512998266897747
5.836276083467094
5.67373572593801
5.7017268445839875
5.4189655172413795
5.549747048903878
5.822966507177034
5.549915397631134
5.891373801916933
5.57331136738056
5.761824324324325
5.557046979865772
5.493464052287582
5.796019900497512
5.744299674267101
5.650501672240803
5.76555023923445
5.6923076923076925
5.677257525083612
5.578431372549019
5.485762144053601
5.563426688632619
5.754414125200642
5.608985024958403
5.643086816720257
5.828231292517007
5.7206132879046
5.602329450915142
5.726210350584307
5.554385964912281
5.68135593220339
5.883614088820827
5.2745424292845255
5.704132231404959
5.580701754385965
5.4082644628099175
5.556302521008403
5.701842546063651
5.663522012578617
5.683690280065898
5.6461538461538465
5.752459016393443
5.7853577371048255
5.6544
5.8861788617886175
5.866771159874608
5.6732348111658455
5.871715610510046
5.712171052631579
5.634408602150538
5.499168053244592
5.652733118971061
5.701639344262295
5.52991452991453
5.697916666666667
5.59330985915493
5.510887772194305
5.635772357723577
5.524701873935264
5.75
5.72712146422629
5.394316163410302
5.468965517241379
5.693811074918567
5.552542372881356
5.669329073482428
5.624125874125874
5.601374570446735
6.105341246290801
5.771720613287904
5.407960199004975
5.513468013468014
5.750387596899225
5.586885245901639
5.753646677471637
5.690846286701209
5.696551724137931
5.651315789473684
5.874371859296482
5.569468267581475
5.645669291338582
5.682333873581848
5.456942003514938
5.822335025380711
5.79304897314376
5.46843853820598
5.518032786885246
5.838283828382838
5.86271186440678
5.635253054101222
5.529209621993127
5.637010676156583
5.746411483253588
5.821192052980132
5.870805369127517
5.7392
5.662828947368421
6.0144927536231885
5.439932318104907
5.488926746166951
5.702922077922078
5.972307692307692
5.789297658862877
5.575206611570248
5.9900826446280995
5.662295081967213
5.4917763157894735
5.970219435736677
5.647446457990116
5.861198738170347
5.721183800623053
5.737341772151899
5.817543859649123
5.527597402597403
5.641322314049587
5.462171052631579
5.5733558178752105
5.7105263157894735
5.789126853377265
5.743288590604027
5.517355371900827
5.741610738255034
5.653094462540716
5.302284710017575
5.685092127303182
5.548760330578513
5.897858319604613
5.6879194630872485
5.640809443507589
5.614285714285714
5.527397260273973
5.909233176838811
5.547781569965871
5.70265780730897
5.616144975288303
5.67572156196944
5.6826923076923075
5.461937716262976
5.783783783783784
5.485714285714286
5.33389544688027
5.407801418439717
5.5641891891891895
5.5508474576271185
5.571687840290381
5.7217675941080195
5.859677419354838
5.828571428571428
5.458823529411765
5.465346534653466
5.648117839607202
5.934782608695652
5.559233449477352
5.662828947368421
5.575296108291032
5.467826086956522
5.635897435897436
5.667247386759582
5.446551724137931
5.721934369602764
5.743944636678201
5.762903225806451
5.7056798623063685
5.683050847457627
6.086816720257235
5.65547703180212
5.516239316239316
5.512479201331115
5.648424543946932
5.67515923566879
5.794019933554817
5.547101449275362
5.658206429780034
6.004566210045662
5.817322834645669
5.493288590604027
5.70675453047776
5.544839255499154
5.8006932409012135
5.714765100671141
5.57
5.368515205724508
5.552980132450331
5.677029360967185
5.6407284768211925
5.609348914858097
5.3561643835616435
5.764423076923077
5.511904761904762
5.617094017094017
5.734835355285962
5.7360406091370555
5.703020134228188
5.9045226130653266
5.4868421052631575
5.549122807017544
5.6375
5.7669421487603305
5.536082474226804
5.3375
5.870491803278688
5.457538994800693
5.405693950177936
5.693379790940766
5.589473684210526
6.017080745341615
5.824212271973466
5.887022900763359
5.6514382402707275
5.666666666666667
5.653399668325042
5.471986417657046
5.722129783693844
5.373927958833619
5.67373572593801
5.901315789473684
5.821086261980831
5.7066246056782335
5.645973154362416
5.4408427876823335
5.351819757365685
5.833602584814217
5.515202702702703
5.5993265993265995
5.499133448873484
5.539115646258503
5.905629139072848
5.816528925619835
5.714765100671141
5.781666666666666
5.62214983713355
5.663934426229508
5.614906832298137
5.556836902800659
5.627483443708609
5.933993399339934
5.629251700680272
5.655629139072848
5.699130434782608
5.724458204334366
5.721934369602764
5.671140939597316
5.72463768115942
5.64891846921797
5.726785714285715
5.615929203539823
5.547169811320755
5.462214411247803
5.649093904448105
5.7152
5.6991735537190085
5.681518151815181
5.800658978583196
5.482758620689655
5.729857819905213
5.341772151898734
5.576856649395509
5.496539792387543
5.708333333333333
5.557239057239057
6.0718849840255595
5.580698835274543
5.65358361774744
5.446180555555555
5.467826086956522
5.511754068716094
5.520646319569121
5.866666666666666
5.529118136439268
5.360967184801382
5.764430577223089
5.704974271012007
5.6003344481605355
5.5763293310463125
5.677631578947368
5.448154657293498
5.738134206219312
5.501628664495114
5.731218697829716
5.7369281045751634
5.654237288135593
5.6262458471760795
5.595673876871881
5.482233502538071
5.808333333333334
5.773333333333333
5.583067092651757
5.613945578231292
5.8369384359401
5.632952691680261
5.7728
5.630849220103986
5.425210084033614
5.337370242214533
5.594855305466238
5.580698835274543
5.723404255319149
5.316939890710382
5.663907284768212
5.6497545008183305
5.626771653543307
5.667194928684627
5.827759197324415
5.463497453310696
5.74313408723748
5.592216582064298
5.705084745762712
5.6247848537005165
5.74486301369863
5.617056856187291
5.563011456628478
5.74
5.797697368421052
5.67304625199362
5.875
5.573333333333333
5.709342560553633
5.490353697749196
5.41421143847487
5.646464646464646
5.577371048252912
5.76962457337884
5.794745484400657
5.49546279491833
5.619047619047619
5.545927209705373
5.550600343053174
5.805841924398625
5.564924114671164
5.74247491638796
5.576013513513513
5.8325281803542675
5.839869281045751
5.535472972972973
5.706953642384106
5.796638655462185
5.584873949579832
5.806138933764136
5.928925619834711
5.6824324324324325
5.4258289703315885
5.556131260794473
5.584158415841584
5.402135231316726
5.743801652892562
5.640939597315437
5.967238689547582
5.658662092624357
5.686643835616438
5.36741214057508
5.512323943661972
5.602310231023102
5.595637583892618
5.529516994633274
5.560218978102189
5.622222222222222
5.739205526770293
5.547781569965871
5.869218500797448
5.44949494949495
5.838915470494418
5.419093851132686
5.8
5.537800687285223
5.723747980613894
5.439597315436242
5.844236760124611
5.588021778584392
5.800316957210777
5.617834394904459
5.495575221238938
5.662771285475793
5.682885906040268
5.66553480475382
5.577114427860696
5.637904468412943
5.758503401360544
5.611382113821138
5.7406143344709895
5.6792763157894735
5.582381729200653
5.761750405186386
5.64321608040201
5.724436741767764
5.787337662337662
5.509700176366843
5.708609271523179
5.595637583892618
5.676716917922948
5.705490848585691
5.88609715242881
5.566718995290424
5.660743134087237
5.608985024958403
5.630971993410214
5.781914893617022
5.546774193548387
5.644262295081967
5.896890343698854
5.909967845659164
5.77027027027027
5.747457627118644
5.60304054054054
5.641342756183746
5.622837370242214
5.518518518518518
5.846774193548387
5.491467576791809
5.668358714043993
5.711835334476844
6.006622516556291
5.963022508038585
5.806709265175719
5.440199335548173
5.617549668874172
5.467128027681661
5.521394611727417
5.506896551724138
5.6571428571428575
5.665557404326123
5.581239530988275
5.907438016528926
5.353637901861252
5.561139028475712
5.672727272727273
5.557877813504823
5.550600343053174
5.662068965517242
5.6202321724709785
5.506734006734007
5.57556270096463
5.597623089983022
5.258333333333334
5.583333333333333
5.770358306188925
5.435562805872757
5.629382303839733
5.554794520547945
5.614991482112436
5.534653465346534
5.7291338582677165
5.439367311072056
5.422033898305084
5.458333333333333
5.586994727592267
5.691910499139415
5.431118314424635
6.066129032258065
5.591059602649007
5.810619469026548
5.685667752442996
5.560192616372392
5.475128644939966
5.86
5.800955414012739
5.434563758389261
5.875806451612903
5.376760563380282
5.711892797319933
5.832012678288431
5.634894991922455
5.410596026490066
5.89776357827476
5.576856649395509
5.683478260869565
5.652713178294573
5.678513731825525
5.717728055077453
5.791735537190083
5.889802631578948
5.775919732441472
5.679933665008292
5.927586206896552
5.8208
5.772194304857622
5.403880070546737
5.659744408945687
5.701208981001727
5.5049504950495045
5.461672473867596
5.678913738019169
5.605357142857143
5.489001692047378
5.435626102292769
5.58277027027027
5.492119089316987
5.443333333333333
5.814502529510961
5.844936708860759
5.572916666666667
5.687606112054329
5.780290791599354
5.71304347826087
5.6735751295336785
5.606209150326797
5.657718120805369
5.653973509933775
5.538593481989708
5.5993265993265995
5.554770318021202
5.6683168316831685
5.6938775510204085
5.5893719806763285
5.717781402936378
5.876996805111821
5.675409836065573
5.449752883031302
5.394782608695652
5.5814332247557
5.677361853832442
5.5844370860927155
5.413309982486865
5.663920922570017
5.535117056856187
5.536332179930795
5.5
5.558587479935794
5.785714285714286
5.436454849498328
5.427586206896552
5.93394777265745
5.692821368948247
5.8881578947368425
5.612582781456954
5.703259005145798
5.805921052631579
5.66271186440678
5.670194003527337
5.612687813021703
5.5625
5.70679012345679
5.433835845896147
5.557823129251701
5.54020979020979
5.69721767594108
5.766277128547579
5.459219858156028
5.503597122302159
5.938127090301004
5.613287904599659
5.775444264943457
5.67304625199362
5.927803379416282
5.803379416282642
5.519262981574539
5.413793103448276
5.571661237785016
5.747870528109029
5.726415094339623
5.648054145516075
5.485668789808917
5.756671899529042
5.781402936378466
5.548223350253807
5.7131011608623545
5.7370184254606365
5.708480565371024
5.363138686131387
5.770491803278689
5.9688013136289
5.676419965576592
5.667235494880546
5.435456110154905
5.541455160744501
5.596694214876033
5.704809286898839
5.603993344425957
5.590909090909091
5.762360446570973
5.529021558872305
5.643979057591623
5.7546531302876485
5.608919382504288
5.691652470187393
5.84688995215311
5.585858585858586
5.646853146853147
5.636363636363637
5.819237147595357
5.897009966777409
5.6466666666666665
5.824193548387097
5.97411003236246
5.776699029126213
5.778675282714055
5.645484949832776
5.600985221674877
5.604770017035775
5.818780889621087
5.815960912052117
5.6912
5.598976109215017
5.566546762589928
5.7131011608623545
5.4683760683760685
5.644039735099338
5.578595317725752
5.666121112929623
5.84789644012945
5.687931034482759
5.861788617886178
5.856459330143541
5.513986013986014
5.6547231270358305
5.512908777969019
5.6464
5.432013769363167
5.7104
5.53156146179402
5.525535420098847
5.529605263157895
5.610662358642973
5.684039087947883
5.608766233766234
5.550084889643464
5.618243243243243
5.7254901960784315
5.383838383838384
5.62962962962963
5.8573797678275294
5.706666666666667
5.732758620689655
5.551959114139693
5.67699836867863
5.496587030716723
5.643103448275862
5.586734693877551
5.661590524534687
5.337837837837838
5.806800618238022
5.746341463414634
5.904991948470209