
66.0
62.0
82.0
52.0
68.0
63.0
83.0
71.0
94.0
81.0
83.0
66.0
91.0
69.0
74.0
74.0
68.0
40.0
59.0
67.0
73.0
83.0
94.0
61.0
69.0
89.0
85.0
73.0
68.0
61.0
79.0
81.0
59.0
67.0
70.0
95.0
78.0
64.0
73.0
66.0
63.0
66.0
57.0
70.0
86.0
76.0
57.0
75.0
55.0
64.0
76.0
55.0
62.0
80.0
57.0
88.0
69.0
75.0
95.0
62.0
58.0
63.0
62.0
59.0
62.0
57.0
57.0
62.0
90.0
68.0
65.0
45.0
60.0
80.0
57.0
35.0
57.0
58.0
63.0
97.0
68.0
52.0
57.0
48.0
61.0
37.0
40.0
50.0
59.0
46.0
56.0
56.0
62.0
53.0
57.0
65.0
47.0
64.0
69.0
71.0
51.0
67.0
47.0
57.0
69.0
48.0
46.0
63.0
71.0
62.0
45.0
50.0
40.0
72.0
61.0
35.0
40.0
53.0
65.0
40.0
72.0
71.0
61.0
36.0
38.0
22.0
55.0
37.0
49.0
46.0
61.0
63.0
56.0
74.0
56.0
48.0
49.0
51.0
35.0
42.0
57.0
51.0
53.0
64.0
45.0
65.0
54.0
41.0
45.0
33.0
48.0
38.0
70.0
46.0
38.0
61.0
64.0
48.0
49.0
53.0
59.0
61.0
37.0
49.0
35.0
35.0
37.0
35.0
46.0
32.0
42.0
61.0
44.0
40.0
35.0
43.0
47.0
35.0
37.0
30.0
26.0
40.0
46.0
45.0
24.0
51.0
21.0
37.0
28.0
45.0
39.0
28.0
25.0
47.0
41.0
42.0
31.0
41.0
34.0
37.0
34.0
40.0
32.0
45.0
35.0
35.0
44.0
41.0
45.0
37.0
29.0
31.0
36.0
22.0
39.0
43.0
42.0
38.0
23.0
32.0
40.0
29.0
30.0
37.0
39.0
46.0
31.0
34.0
37.0
46.0
40.0
24.0
29.0
43.0
30.0
20.0
37.0
39.0
25.0
32.0
32.0
41.0
30.0
33.0
35.0
28.0
38.0
37.0
25.0
29.0
34.0
24.0
27.0
24.0
40.0
22.0
27.0
41.0
17.0
27.0
25.0
45.0
19.0
25.0
34.0
24.0
21.0
42.0
25.0
28.0
22.0
40.0
47.0
25.0
22.0
29.0
25.0
38.0
28.0
28.0
36.0
38.0
21.0
30.0
35.0
27.0
25.0
26.0
27.0
24.0
59.0
32.0
23.0
33.0
29.0
52.0
45.0
27.0
29.0
25.0
26.0
42.0
29.0
35.0
21.0
20.0
38.0
26.0
18.0
12.0
27.0
28.0
30.0
25.0
33.0
27.0
21.0
27.0
23.0
32.0
35.0
22.0
18.0
25.0
20.0
30.0
33.0
16.0
27.0
24.0
24.0
22.0
32.0
21.0
28.0
19.0
28.0
37.0
24.0
23.0
21.0
35.0
24.0
18.0
28.0
32.0
35.0
22.0
23.0
22.0
18.0
44.0
20.0
32.0
12.0
24.0
36.0
31.0
21.0
27.0
21.0
23.0
31.0
17.0
12.0
15.0
21.0
23.0
12.0
27.0
33.0
25.0
16.0
21.0
31.0
19.0
29.0
24.0
19.0
14.0
23.0
32.0
27.0
21.0
24.0
33.0
16.0
23.0
23.0
21.0
36.0
22.0
37.0
31.0
24.0
30.0
27.0
17.0
22.0
42.0
11.0
27.0
17.0
15.0
18.0
20.0
21.0
27.0
19.0
24.0
24.0
26.0
31.0
21.0
40.0
32.0
30.0
20.0
16.0
24.0
24.0
16.0
25.0
24.0
18.0
26.0
26.0
32.0
28.0
11.0
25.0
21.0
18.0
23.0
18.0
17.0
41.0
29.0
18.0
28.0
24.0
27.0
26.0
24.0
24.0
22.0
35.0
21.0
28.0
30.0
24.0
35.0
23.0
20.0
15.0
20.0
35.0
20.0
18.0
17.0
28.0
28.0
22.0
29.0
22.0
42.0
14.0
24.0
38.0
32.0
33.0
24.0
39.0
22.0
18.0
35.0
29.0
30.0
25.0
30.0
32.0
23.0
15.0
20.0
19.0
31.0
21.0
22.0
25.0
27.0
18.0
6.0
16.0
17.0
34.0
27.0
22.0
22.0
26.0
38.0
21.0
26.0
21.0
32.0
20.0
19.0
20.0
18.0
11.0
13.0
22.0
18.0
23.0
24.0
32.0
31.0
15.0
23.0
24.0
27.0
25.0
14.0
25.0
17.0
22.0
15.0
17.0
15.0
31.0
29.0
27.0
25.0
44.0
18.0
20.0
19.0
22.0
24.0
22.0
13.0
21.0
45.0
26.0
23.0
28.0
20.0
28.0
27.0
20.0
18.0
26.0
23.0
21.0
24.0
15.0
22.0
7.0
25.0
19.0
24.0
21.0
32.0
13.0
18.0
13.0
22.0
19.0
14.0
31.0
16.0
16.0
16.0
22.0
42.0
32.0
29.0
19.0
17.0
30.0
21.0
19.0
13.0
24.0
46.0
30.0
19.0
17.0
14.0
16.0
50.0
12.0
23.0
26.0
23.0
33.0
15.0
29.0
30.0
17.0
25.0
22.0
23.0
26.0
28.0
16.0
31.0
24.0
28.0
17.0
17.0
18.0
19.0
18.0
20.0
14.0
17.0
24.0
32.0
15.0
22.0
34.0
15.0
24.0
17.0
25.0
17.0
19.0
19.0
42.0
17.0
12.0
9.0
13.0
20.0
16.0
30.0
23.0
15.0
39.0
22.0
18.0
18.0
26.0
16.0
27.0
24.0
31.0
23.0
16.0
25.0
16.0
22.0
32.0
28.0
23.0
23.0
31.0
20.0
30.0
17.0
8.0
5.0
15.0
16.0
27.0
11.0
29.0
22.0
19.0
17.0
34.0
16.0
33.0
23.0
21.0
23.0
35.0
24.0
22.0
25.0
20.0
17.0
21.0
22.0
18.0
14.0
13.0
22.0
20.0
23.0
31.0
16.0
17.0
24.0
23.0
25.0
19.0
20.0
27.0
19.0
24.0
22.0
20.0
22.0
23.0
17.0
40.0
19.0
12.0
16.0
12.0
16.0
23.0
25.0
51.0
17.0
21.0
10.0
19.0
15.0
18.0
16.0
26.0
18.0
29.0
28.0
34.0
16.0
27.0
8.0
43.0
21.0
28.0
17.0
34.0
23.0
21.0
14.0
18.0
22.0
14.0
19.0
25.0
19.0
17.0
12.0
25.0
25.0
17.0
17.0
13.0
32.0
37.0
17.0
33.0
12.0
23.0
21.0
28.0
22.0
26.0
19.0
21.0
26.0
19.0
14.0
27.0
34.0
18.0
18.0
18.0
28.0
14.0
14.0
32.0
15.0
24.0
31.0
25.0
33.0
27.0
8.0
24.0
26.0
22.0
18.0
20.0
22.0
20.0
41.0
19.0
24.0
24.0
20.0
25.0
16.0
24.0
19.0
24.0
21.0
13.0
19.0
33.0
9.0
25.0
16.0
23.0
23.0
24.0
14.0
15.0
14.0
16.0
20.0
11.0
47.0
35.0
14.0
22.0
20.0
10.0
24.0
37.0
10.0
27.0
7.0
27.0
19.0
18.0
12.0
30.0
20.0
15.0
23.0
11.0
22.0
24.0
35.0
23.0
20.0
27.0
25.0
28.0
19.0
17.0
32.0
20.0
21.0
20.0
17.0
17.0
12.0
19.0
13.0
19.0
30.0
21.0
17.0
14.0
26.0
14.0
25.0
15.0
22.0
22.0
14.0
23.0
17.0
23.0
12.0
19.0
25.0
21.0
31.0
19.0
14.0
23.0
14.0
23.0
16.0
17.0
16.0
18.0
14.0
18.0
24.0
18.0
15.0
17.0
16.0
29.0
19.0
27.0
25.0
28.0
27.0
23.0
22.0
19.0
17.0
18.0
20.0
30.0
27.0
12.0
12.0
23.0
20.0
23.0
28.0
28.0
25.0
27.0
11.0
16.0
23.0
20.0
21.0
17.0
34.0
34.0
25.0
23.0
30.0
19.0
10.0
22.0
29.0
22.0
13.0
13.0
13.0
21.0
21.0
23.0
18.0
31.0
19.0
17.0
20.0
17.0
20.0
23.0
17.0
12.0
21.0
30.0
35.0
20.0
31.0
38.0
33.0
25.0
25.0
20.0
15.0
35.0
28.0
20.0
17.0
15.0
17.0
15.0
17.0
16.0
24.0
30.0
13.0
36.0
34.0
14.0
21.0
17.0
26.0
15.0
22.0
11.0
24.0
17.0
20.0
19.0
19.0
23.0
13.0
24.0
12.0
25.0
22.0
18.0
19.0
18.0
16.0
11.0
19.0
15.0
19.0
13.0
29.0
32.0
39.0