
263.00469950761936
237.1007689576617
252.46266528280756
251.00855576553332
254.41426738681906
244.46819016731018
253.22169479267808
238.33778638616485
255.7636276190864
266.36174802841947
247.41416839650378
262.57361800808724
263.7524544525425
254.94997099477013
268.40400049436425
265.4671883289419
252.7751427864103
256.32026819018984
249.97902882014364
260.8652887201191
252.4023727495829
257.2282397436157
268.5466970203377
242.77920111439798
252.25442051977643
255.34089955215762
250.83479128215032
264.44418946703075
258.8780865333989
249.62300382217555
257.160306836624
262.2112298582082
251.35809774618755
237.43919614632358
244.5196239078879
251.59068935332272
246.00479943561217
268.26696773530574
254.66844718022907
241.47787786563813
243.4677391332679
249.57194252284262
243.28786764094804
248.38631879291233
262.67695703715526
265.63491950136347
238.34539483361655
247.91640244718937
255.6758279631466
244.25981309216974
263.90582928823113
253.9049720797663
251.9891654019224
272.0734988910002
249.4533257113434
261.31795506449106
250.19033099621097
256.0469520748194
265.3006380046241
248.1481856068288
253.83464543084446
241.76709750247952
242.32719785444874
236.46695156544882
240.7006544217169
257.4670367046123
252.05408296504137
252.90562685523864
255.62837308820173
256.4029035511122
254.54012359432463
234.81262647385452
246.44052879081732
246.062840678123
249.97569146067508
255.26863514679843
256.42842059046615
257.02009936392636
252.3955784895421
273.1907413653812
261.6203977360396
248.26661879978798
232.85852108662226
250.5427308450378
241.0259464097713
244.87309900962896
246.0712403455685
258.4244309039046
247.34288463317966
250.3928508011939
241.6122240124765
248.3328230282682
258.2157632509054
256.92928664876393
229.89889656712108
267.1929854202432
246.46580082518557
246.15383711306353
242.26080523851934
262.3482602760091
264.09936999983285
257.26990166350396
243.4044605014325
260.1511714871274
259.60293238085376
251.27818609059477
246.55716446342552
246.41127112831
254.77486957655037
261.3498756949624
246.8651153286024
248.89240662225316
230.76024742331978
261.78511226840317
242.1117424903528
235.24890987869054
238.35076142064494
254.3093356657711
262.58138430181793
248.25159042776204
258.16521797569766
259.51220307244876
256.05128657694786
241.18323368571936
247.9613345142418
259.5361230313239
244.40002842836438
246.8089987923645
247.98485247905683
257.54511004930544
255.81517499433593
260.9336825604474
260.36032855351857
261.5868161061864
260.5297791100873
248.40309671280116
254.22232804432505
254.89733139318687
242.49152771477551
245.41305992204965
258.502220886564
241.43572876642898
252.51054735488833
243.62855610536008
242.99015722595612
262.29190607051436
251.25890097672408
254.0747549157159
254.23997903906212
246.64531910375885
238.92640201034177
248.57888898948073
259.92600006628527
262.3892370061489
247.612515208851
257.55709637148743
254.69904078633672
248.39806068983802
257.08029156355855
254.95891438417237
252.4095762578614
260.32214022870096
253.5370762769
264.5523133173899
241.31632462378258
251.80772092187036
238.12039268863617
247.2333622041396
244.26119072459142
251.03921000250756
249.1145021907725
240.49350995744604
244.65374159847414
246.70742672892447
254.81146859494083
260.29861974207824
260.3062895429153
275.3134093683078
259.4001847092582
239.0996951892567
242.75770709420377
249.72824746012708
269.72423693848884
246.027468443401
229.72351810148166
248.86208212051406
230.40191742018777
259.6814829543697
244.97099991872398
261.8754186561667
253.96037917418394
232.90878280927285
252.68993639050072
260.1648076205238
250.01238747191277
244.5955586134512
239.01004377947567
259.4911855885707
243.06586193681696
234.11824054559855
243.0321311818671
243.03378893078184
249.38322340847927
233.26442090961683
232.9881535452915
249.55625992760284
242.30510582635225
236.18158470878507
237.70188662698234
236.43722700425496
239.14311225758996
259.2823344492049
240.72599625872505
239.09872199042107
238.43868911776153
247.43102095624909
249.66099272438265
258.1462005333577
237.25375523822527
248.42210083415256
241.58728295755273
254.74758381184648
242.25121662458997
242.29770400500666
259.35338697671074
258.3920692252817
257.18677865978236
249.74350477727376
240.36246333355538
244.49267937398153
248.4538790157569
244.32272510771458
233.10067800560827
247.06322291573892
245.05007548315
236.85313498399373
253.66528166571476
230.4067386482806
248.40039943936046
218.07374755449524
247.03000791159994
235.33261454234918
252.18969735096442
236.39221403851633
261.5178038746226
248.52387743733547
244.3611215479816
250.96492897859835
244.22461057430036
240.99076050868138
239.96047411063446
238.56440246518468
245.53215760991756
233.67600776061485
248.61871673956375
238.49047540074213
249.95422778362075
252.59662266284505
225.1180455971039
234.1255728129691
234.1651493669262
234.31912404084505
233.48906044968967
246.1207367432259
238.0100901580177
239.0806491703848
232.6978733667166
245.94410649180298
234.57101619011956
225.3005265228998
243.37611915743054
260.8189807431055
246.91292051423824
221.23342267288731
223.48301308794234
239.2774761229748
242.8160583702375
241.34546452147197
233.2483269345333
231.79610632690964
258.4466210238577
240.69093096977934
229.84594663703442
245.4011964901737
237.07878790660712
240.75766914415846
248.3045352405617
245.09909097581212
239.96654191919902
239.74036687943607
274.5100815996208
236.45928882763755
220.51728581548292
246.92570802119153
241.17036124080352
247.1436184687756
250.01323211396
234.32347077517124
256.76741004762755
228.10948458551712
235.60655734436074
251.40449759237399
259.2986113505042
235.16298436841575
240.79934446610235
230.99819782201925
246.59657425754412
239.73744578245774
230.63628657861645
232.74326334092234
228.74414153545075
254.23293149830243
244.06576247759736
225.11455486466676
237.6410187285839
225.2616650767198
248.06507758407434
232.3498278337679
216.49190182721895
220.4186977612231
236.89832705731845
232.24934605086182
234.86805598547753
240.04558660547528
235.24233010290772
240.53651136836402
249.35048500357362
247.8115502482388
246.64691126169652
246.1549657491944
220.6277437336017
234.10638398964602
241.03046074164368
237.98159710333866
243.23620085934613
225.36479175241328
236.98795767856026
245.44499726144278
228.65040992193235
226.32392552407995
238.55887882592597
235.0610987207577
246.89365858921238
229.5650605820079
227.0863668947731
224.31160237602725
242.28345767574515
229.37863393298989
237.68804943423032
243.896190447678
225.327973398537
257.8304802692637
240.66827476539828
236.87877339752626
223.60171032881945
237.4415879330581
223.73513383683954
240.74605717526373
229.66410524737012
228.822839815481
242.03906195512118
225.4618251765216
232.24724696567705
226.1887936635961
214.84961325644986
213.16509724661236
226.50673971270834
220.95342688498872
226.51970553624307
241.2054056939272
231.46603955786108
254.63791338580927
219.84984050277708
230.60041304673445
258.5775082952592
236.1657226005867
247.4612181182585
235.8876853633496
235.47481776110143
228.43488502899967
226.95397078509
238.91981924130633
240.18432600041834
238.06374524193006
251.4243729476987
228.33737194662444
235.63715364388264
232.2761083066191
218.15452981091988
227.43961008590964
253.49258600257704
231.04567005423013
238.34880857454277
233.63269057645107
228.30726065959507
230.37662051135604
233.37376505388403
219.78202616573859
232.5613471623833
253.60216355356874
222.59179560363683
230.29357649582585
220.69719006825008
229.9767917617205
228.7482632077321
244.13220544923539
243.72167048457823
236.90672212776948
230.59760578063123
240.59071379269108
238.12200306884165
244.91742543999197
239.64905500025756
249.63947428813282
236.34782038587528
253.90545211745334
235.01194420359798
218.85027079372088
224.96650245583746
244.39805504264024
243.066406082083
222.28745917144565
229.493213161825
217.67400826662916
235.73460425358485
238.77604472109624
218.74974930997192
259.5719022045108
235.93038695759955
215.6316406018064
222.0866411458183
239.33276564020017
221.61531638571176
244.68325076947855
217.38228859243122
229.62137964999883
273.53760985562764
222.8199969815039
232.05800943999787
228.13848667187713
251.27413571471047
234.02437756844733
235.23699556795736
220.72242450461303
228.79019090809237
230.45779773473018
232.2136256836211
221.7702087086221
244.25838504651006
232.41252049203626
214.02536696046855
237.7898526012319
241.49039152310752
224.08603444266106
231.3948938055857
243.73679564555232
226.5836898928062
220.79161495031468
222.22994957426104
215.45057544336
239.082918009084
228.88843288730283
235.44847975633448
235.4264559622777
232.262427049086
244.46614831663913
215.42196675413044
219.35049366229515
234.52641494060032
248.41978398438823
228.6049304220972
232.6964544250135
237.20314505676228
232.81271983749235
227.0878227545489
248.28724309072703
232.3278644907291
250.542506342321
250.9783803412659
245.44948787752622
216.20115679785505
236.71472957318315
234.62782894918365
228.95377394514486
226.45056966640294
218.38739418996943
229.9395672242606
225.80295934138303
224.29415077011103
231.56914661581132
235.01660270470552
209.93345039787465
227.04447758808266
230.47035094454787
244.38332023619586
220.33264513937948
222.88617528534746
244.29692203901772
216.39038680503072
257.36405220429384
227.33786742323923
230.57115897644968
227.23294371480537
217.8087247652671
241.4894037036625
220.71362540733412
249.50440329872512
214.71466133330304
223.62013529955703
209.77113474517074
233.29170488465738
228.03309146305614
212.7223316931681
232.5525473060708
241.72583984717872
239.68052960258575
223.66382064488909
231.01233490765918
235.14457279406693
234.47420581687976
207.40549583115072
239.125159839952
217.3496794817297
217.81078481474523
230.94027206917522
219.3067932757559
214.44041134291055
224.14242430751332
216.07977709581897
236.81216017767193
230.01349622605466
219.69184637877646
241.33332441627076
216.92683222909537
224.11902871913986
226.54828880349254
225.9161367765002
238.30721940949653
245.01543228448895
208.69913879442097
230.00568773796007
258.00249351444256
249.84079939478738
225.3684155026077
238.4545428938517
229.685570364552
222.69989232767028
221.2258550976757
228.74264442899147
210.53065529787904
223.2519288276961
223.25395941015762
233.14094438598642
230.7585306559235
224.13205913540097
244.8652136482154
228.31456746920358
222.40290586093397
222.02001301533147
232.23498690059532
229.19973441789662
231.52222264939263
195.41060748080318
212.32358702901655
218.40869108026195
235.70744423770628
224.79853631078942
215.4867705363751
227.4541653413002
216.88840175520414
204.83671396394084
214.6008040952539
218.48579798712018
250.63727457923068
237.44507334599507
253.16166729566916
224.2943318055731
235.18987007282044
229.42243616967093
220.62574189117345
232.57253732415376
213.92259100737206
235.97462995380147
232.71132789519748
243.67970475363728
248.95449112364977
234.60129760514252
234.9075489654809
207.9830054766906
232.48676622864974
221.45135854545455
222.98914242275814
216.61636929641
225.17043594476013
242.33413709196967
231.81619451443854
237.11106702259832
238.95655291333574
233.45603799470413
241.57512130718584
254.96166447783258
233.96298669067696
224.82312105564614
238.8295791780291
231.20239927707817
228.55575963062083
220.87415298600803
250.15497307494456
217.9721091870395
222.55353873027744
245.21161649451224
228.42921158025507
216.48592145835892
219.67807050684624
193.3408605528828
212.31377617283647
230.84835117244808
235.14813925860682
235.71790587809156
235.95662992651188
238.12824964044967
219.57624406515725
237.0637386321896
209.9452690193537
211.30670107653955
211.23930354698942
221.62326408902163
226.23526380023276
245.94318290475493
230.37789108417616
224.82918900820823
222.04036931571318
218.36927765629417
212.52400619047665
211.64032829259168
259.4003423134772
223.50763563888268
210.87469728835646
250.2425889412155
228.0517207683803
230.7977201692924
228.24498534302325
230.67801708740217
210.54554007653232
237.48758102919228
227.58644631559528
220.93677050145888
234.097772887467
230.45627970985706
226.0091216076308
234.71595398355075
214.88449393695822
233.98363370026723
228.8107904491083
241.63605525283774
222.49743020814282
238.7482202492059
233.84594563309855
241.7243245515293
220.74437570590408
220.3226271576115
217.27383637903435
239.0786399874084
229.5760772604111
236.72516734858453
201.49781133932436
231.9811059081499
245.42833349204375
251.71857984307553
239.36091122003182
228.2455897766437
221.25313990088586
243.18567618151283
219.7820920052946
227.93632449915762
217.04563850765823
226.38698823155045
226.38116602941636
230.34240176609856
227.2019163200683
232.79592023609803
249.1383145940287
229.23612257839554
229.80761578669208
220.10674855104085
228.89162722828218
212.21646015959078
228.93479125543132
232.51821953139142
227.1007337870342
237.68562024953317
209.34954511981036
231.01688745292768
219.54301513767518
217.11543367245022
227.68864956891304
217.58093698568968
233.8338949013149
218.29582297981156
246.61059352276916
238.49635240463937
226.078181722611
233.36279069085555
227.86802045967056
223.50885134466412
239.00671169132883
236.01172277925016
225.67949720858982
213.59943983973548
222.15088682834676
228.45591748052942
202.49492334823339
235.45502807336752
228.07205828630555
246.45238572974972
226.34551543559456
223.52705349656497
237.03564318316504
210.7336338741389
234.9201190837945
228.85629031726688
211.2840255697178
204.3062023229489
220.9052978102995
212.3915327175369
222.4088476199132
240.80823398687886
226.60652331923126
247.23452330677213
230.7928267667532
224.0818523800097
217.08149058781592
235.85072776461612
227.01710864671205
261.8989258426691
203.92073239694943
245.38607962786145
243.70456825561058
213.74391578388253
231.3563646308872
234.52320959336694
222.50513979363254
234.25476152744204
256.56749687380574
227.39047904103012
235.98658527315288
231.7954347874816
227.82556132112708
236.04249184040606
235.69948379894376
238.50306498772005
223.57673413779952
235.553154843164
211.9576931415526
227.02380727887817
224.17033107613966
221.01723553866427
230.87791436373703
229.3746046654973
235.94676095014376
234.2554847440171
232.04495176546615
243.85635598260683
223.92045760988668
226.42951199141163
233.3449362317981
239.54169584028733
244.47346514601537
231.56274153725698
228.3891294904268
222.48635042423052
213.2939935416533
218.18954539656661
227.64848692375213
240.15479217798625
219.25298644844398
228.98053534231957
226.93740452862895
240.33029897106084
245.24664652866326
236.6022878703946
230.40222795214814
228.39772913271662
212.55825403401428
236.8960208934264
223.99170537448808
231.2340522801109
235.05829628223063
227.90307901643877
237.3748301122871
210.66967537998215
227.6147396675398
232.95542255204245
234.7265245779172
223.32389339601113
221.76810801499215
236.971657844417
231.32959097047575
240.11826300278784
224.59295503440936
227.2921560030462
244.77225972749025
234.67085667668434
227.97946559589454
233.76559904612813
224.92952651919182
221.69567312876012
237.10643032646072
243.4339240289642
213.69391155130455
219.10825665877684
212.01157206563886
214.01170361633248
224.74993264164405
235.3230293389332
243.4542658352676
229.02848721969832
222.7098711458969
227.78444647018296
231.8001754627518
221.4688204072219
233.1790231357723
239.01673800707744
227.63389284162244
245.35851155655274
209.0380679359019
227.27631604383197
250.37864017274273
242.96814075084868
218.94128603718872
250.15497387496202
220.61744617127732
225.0865812751309
244.5763487483019
242.0529583655613
222.5254135283461
233.78089659586863
230.24468821937188
243.02823163181128
234.93972213495604
230.9874209346227
241.6769636671561
233.03093022126777
200.61713316793225
244.33414352420004
224.3912947101419
224.8458398755669
220.11343783242432
235.83471769103772
212.4238673968655
223.3294783424457
210.6355795569002
217.85268286155707
213.11601035081645
223.59512456942724
233.52281338957195
251.82145199818723
224.2500695539693
223.0303420349348
238.063373069916
226.94716609088522
222.11102308164172
245.1673429169645
235.68951354997816
235.62138031598707
221.4580608071961
230.6299170483956
213.4995515982937
230.48774819301357
229.82624975200056
237.90855038649178
241.547983741191
245.58803964414
234.20239590027654
230.84504861712776
208.7203109424248
231.6818641135726
213.51693750916806
226.56556676374635
214.81750795419674
238.598840508862
222.86535478390562
212.99537848029226
217.6549675885727
235.52422649917258
234.70636307965702
224.18294226525222
221.31866321015886
255.90177368641554
234.8094271840624
235.6187999037019
230.08371308832307
224.96115071498699
239.594608425972
227.1416943864752
216.20019056748532
234.34935082082066
232.38119260037797
248.22457868762734
226.56028752344292
219.3369800342638
221.9138643255075
241.13843962842574
240.19456195315723
217.65821993156686
210.17509412791455
235.58552325305777
222.63017166657852
241.41126822069114
243.5493408254212
253.72072432151543
254.80836371671336
224.48423360285364
214.26689304300766
233.17214233243644
221.0034837492338
241.30591845209514
225.65290396664244
232.85871971134998
247.75540504150058
230.87191563166985
226.45239819953454
232.09664505567133
231.43999847663676
212.6191779833181
207.12623177848235
233.68440368738047
242.60941254063178
215.0740159537063
221.5269237738928
225.16864597421392
219.30926469483842
229.99645347381858
229.2341226090109
231.0495590149576
223.9641156928188
240.1206491162191
231.2546953799375
231.86968418637312
233.8204106437165
224.2134026776865
230.89851386976176
248.69484478824725
225.72951567501497
227.64759740750523
220.0970808891615
233.29320994532895
232.90172297061986
235.52787363986607
242.69355093622917
242.33948033411042
233.71610683615978
245.15053050462922
234.5701209716407
223.76693819498496
224.82636290038258
229.0821036219414
239.33818547064
241.39205722166201
219.02691355706597
204.45496229006275
236.8371676915237
217.2897643952826
234.7158977818865
237.05744813985348
234.3773145701964
249.19276857704807
234.8176137418847
237.89021945251525
246.89354007643342
223.08979180676116
234.4457980551987
221.44053537750955
235.82299178208942
223.16630993513567
246.3034591331208
230.44208914040058
231.39535592314033
230.74516707859644
234.45455021388094
236.97060016193828
240.52961522193996
220.48846127269317
235.31825331526898
240.23505884238043
222.90715607952657
241.1207926927916
234.63192006820728
235.83930238089783
223.37338090046697
226.06648974377464
232.69534944571632
223.30709922913047
215.859589504316
222.262026893312
223.9296702063485
215.61682487925736
248.7034155908675
237.81268615935437
231.20414934031518