
771.3629722896733
738.9423489779132
742.9662582222676
745.9712012200396
785.2865587679511
754.6441102430324
785.4775927480937
671.5540281885094
767.9819429141573
796.6686140548543
685.8972662559966
808.0732510613022
727.2446240106261
789.1395030592703
784.7176504142128
729.8953610315983
742.3318746818445
813.9101880427874
780.324225208234
748.2828424163199
770.2436330895273
755.2744481095649
753.8249749931268
768.8423401249532
766.6709412748944
714.1118194488647
722.9442024609677
836.54548891021
817.2756119011518
739.9658528671247
767.4964323131579
781.526487895476
767.4522108515046
760.1994425639061
759.0562771139414
737.8152558992778
749.0556932612819
835.7263005714578
772.8638523906377
784.692011409386
793.9736559792078
791.9043901566934
758.4904223304951
777.6056195559389
772.0178989370247
781.9605712987446
803.6607383599587
759.3337736681101
806.279270249042
751.7936908390377
786.6688913653509
803.6486917085916
780.3310880664473
806.2805924467514
776.5859216375169
795.6631354123381
770.4852787793391
785.5450056408018
752.3141729286706
794.0433207121941
817.8480597174453
805.9988660453299
760.4984874748807
773.4302093369901
772.8973356444006
798.7060715918612
843.2530108063489
802.6724438831599
798.6161695412792
763.0063356353371
782.5918911382294
778.649781279037
794.8139586593906
759.6856516873692
830.2603420176026
876.7121102700814
803.2305505183019
805.3507838593184
798.5043868230944
816.6697405299541
841.6406770571477
830.870206440454
774.6954106201428
813.5444025244287
800.4920463309834
832.4152670901015
814.9142295940071
873.4680248110953
767.8369307511884
813.341953880415
788.0986908443679
792.4015667094875
765.4547405002697
810.137882895251
786.9662074392846
830.9058979515197
851.5940805290487
778.356602499435
805.0755632341849
797.9097984975504
846.9476733837397
808.8688205800726
803.9180889344991
820.8159694689346
830.7528068839189
830.9460051326807
836.6698307629355
785.4284808952758
774.1885917794983
823.9393114408952
804.8146846978901
804.112039426532
819.9021681372366
803.8772648798058
814.0535232969821
809.8425270834125
832.5655074245049
791.6086499092999
846.3328398535225
814.5796118821848
798.3652192462566
820.3545055451854
867.6672409933705
833.0085460645139
899.64833621373
900.3206127188472
814.287495009623
872.2166389412132
815.5769111471246
823.5578129785899
824.3347296584828
825.1599955129784
816.5943981793747
838.336296117689
801.3202254671708
810.8923506816716
837.6812066196904
848.3018519153311
816.5208661677758
850.2217668723121
854.644406718141
810.7543073045873
842.0661342897498
793.6362273205909
892.9638889831846
822.0201842791472
818.4013339604214
873.7301084208282
858.8213579564924
877.5281427629612
821.9633441621667
864.5130363626852
800.2391652429776
870.6924224974173
851.9846966384375
809.9405179447524
809.1285445296353
832.8729590139226
858.4368136384035
828.4237736166035
823.012096280106
812.6839249047993
854.8873247587486
857.258254795062
841.4403730597863
841.4050270919449
842.9593091624574
846.6653961232005
830.8262328451347
858.0824870598877
850.8349291036186
766.6346257043094
816.2676639946069
861.6825930109641
854.4954911587031
879.7477554513558
863.5739333724662
942.7989916957598
895.4463862013778
850.0723792432427
808.2501692850728
862.4028273685608
887.0046622682928
824.1714654180217
836.4214198484746
819.8729468528538
872.612105709497
877.2507000714379
849.5053453320354
875.6149518763929
908.3343341424722
823.3417462448542
874.9635078667661
891.5602077765641
880.2893127062543
820.5063568535468
821.0835319015484
877.6705492959691
836.3050530483209
816.2244821645879
820.9056071115474
842.6499280972685
906.7837735921421
782.7892145622305
833.3175374174291
888.9303268129212
851.7092185755962
847.5249338640551
842.9831348764649
842.411361423907
838.9777345553024
928.6007975829658
830.607595804125
899.1686864606115
848.588079488446
896.9071241802139
838.1704723039232
869.4694611409735
851.0818663629227
874.8834849033316
846.6015819235639
921.5806586406886
893.6924973155795
885.785725917799
882.0590041168543
876.8156497502963
868.4518147815354
871.7713596272773
848.0162945430096
846.0095168280637
863.9648937881799
868.6466286919962
829.198089149803
866.0177770055527
898.6671681092037
877.4894565292352
849.3885102566928
853.571230000209
903.6123608038667
827.9823622962494
893.8369032148415
839.4367790057684
917.6482999529732
848.8548721281992
906.4277066750717
874.174849847977
876.4609605775422
880.3364148866827
916.760828251298
871.2557605630238
896.1026760858045
908.0408803485996
861.8238445516765
859.079653395019
864.7888259092991
850.7814943623513
917.1333654573876
899.7906695525868
842.0184417632056
862.6632319533946
890.5599629709772
867.4945983376423
840.5078022037769
912.1003363513979
897.4033658978026
898.5801131718574
892.750358480795
906.3261725828521
860.0722687909163
825.7853684650269
907.6091233715442
887.9294368166005
857.1151830327699
823.561658082014
855.8346943548743
876.2386847674113
897.8031078791586
847.3756350813546
828.6020903358492
866.6421067436529
897.6113572237098
871.1213240583868
854.9332359058017
878.9284495848603
864.8141129557431
896.3415971920249
889.0719006267433
871.3108983328478
901.5129460233417
911.7753052437347
897.7477190459946
881.0130859422334
812.1296857204113
840.8443270032961
896.0327270462719
869.3612090621458
850.8116594959922
885.3904212665096
880.6583102446702
835.9019637399546
850.5099035362698
878.4660582924628
925.1458551781263
815.1994164654083
904.2708698591262
861.7925116546787
879.04562480138
889.8073578127938
872.7187471429804
904.3046762407272
840.6793915099103
957.6060987134548
893.689298853145
879.2884089988938
868.0017297665399
879.415449766554
938.8857441707547
864.8975460229416
845.8093216209991
843.178057278414
865.7216446146779
909.0523072533781
883.3766842407055
900.9486504504079
885.229956698842
896.2356946932814
915.2056131329755
894.2978477117671
913.6286102535101
924.8729240127219
866.1007871757396
845.7987865265031
885.2423253310338
932.7830206439828
895.7750772715688
843.338256700738
893.8388364075442
872.8942826751017
863.71159540231
867.0856965399468
902.3992083652854
864.9220512553071
892.1384797909898
842.8259521669345
869.5941511796555
851.939919150461
879.9459875190068
882.621294664725
893.163189931072
963.2088563403526
858.5332642922389
911.7461813405309
901.6382234458863
863.4496188766054
872.4509097498774
903.8102332539531
833.9638739281716
869.2557890738875
826.8776872583614
881.4903711337162
913.933612334236
873.5889681248997
857.6403273172916
861.3406711952555
871.5803370891215
870.8945104196055
888.2236239320595
881.1754722234928
887.2032567478116
921.9810549589241
902.2223447039958
950.8953241776971
891.4536509188986
894.8873811643837
915.7748992567828
894.9493371033213
919.2634705276199
911.6486637317633
887.7614755644784
917.098144136528
925.3926291917054
883.0757976792065
911.5702328388863
896.5471013977825
931.3988926826481
875.8977928890538
908.0232645382093
926.7150148864605
905.6847409560099
920.7759636134895
905.535434578643
905.219473381471
905.2437320801779
857.900315005398
878.1302935869473
889.3550168745539
887.2577452102263
866.731033794521
882.1818795270613
930.9713531580767
941.2145280087714
902.0392825568382
864.2063608417104
935.2683217521695
906.7018596624088
890.7473321447109
966.9234630240801
904.1234709398548
882.4609944911847
910.8331149482428
889.6396646573533
930.4875452010403
898.0191416821395
956.9990216998376
876.2874010089383
948.7427788558223
896.120460458026
840.6665157398256
920.3075938964873
932.2589596857403
908.2965647512141
896.7605223198361
856.48573807968
849.2044368534392
907.9730888109061
916.9890477991987
879.2759528278723
951.8192921255462
883.6825454445245
871.5114451170509
870.9872101372878
920.1537974605201
901.0510800019241
941.2451583513448
866.5738546956032
886.9911815946937
962.5121608037256
865.8807882338294
920.6458630989424
885.9905367357853
966.4728726738538
913.9107029780564
917.177504964737
863.1202585641573
861.1258932743909
917.8838833405183
862.8008915194841
881.1842416467389
945.8375398655522
915.2682257620805
858.4001708375475
851.3982610636729
952.1389621653747
919.2068038442306
937.4621077962508
906.3554405210919
857.5763287777021
864.335447110729
885.5468478338265
852.4881567576292
929.3398340971937
894.4707330867723
885.9775170139598
926.1328574294603
918.2237661397727
880.5016798339935
915.075906969208
889.9421032089979
891.9627088161403
948.8635575728251
875.1891515707314
910.3504467932959
862.3730532073023
921.5660612065715
934.0169937234541
920.9859236507639
899.5242030529677
931.345745638638
953.249603583538
932.4756375227528
829.1339023481248
927.2476029381614
922.5813657031949
922.8306895297607
898.3188947753858
833.5512886277404
912.1912563001661
894.0089853990328
911.6536413037163
884.8781257903314
936.555375896571
897.6964140499762
909.7954729109854
924.0618732544848
877.1663258383611
888.8122382216774
892.4406326317248
949.2690370907733
878.2509825286113
920.2956510086378
885.0828054119527
894.4441777513169
918.1567204181908
869.6172529553044
941.7975230135044
876.6394101968257
943.4080220796408
854.0278234638545
922.488035897524
873.4857234593737
889.003082393182
895.8375047822346
824.6985180786638
908.0494854055776
901.4491048464608
869.5003862548881
917.292010316073
916.8386825451996
913.3608452443484
878.1703904085301
859.4063243583593
927.5435241803355
885.5858582814265
876.624263881126
875.1767575711626
877.2695018685081
891.2039599155654
881.643465581274
845.7434837439317
919.9100353416279
857.7647079907578
883.8857552439891
873.5361985253479
857.8407158754338
886.0589375782023
916.8038664939007
910.4566105056329
944.7515421792286
898.9462399823813
848.3057581956225
890.4359635245874
936.8036030742471
944.4702745105382
901.259864295821
897.8020149697546
894.7740680805397
847.4666368052128
887.0009192433287
912.158312019728
852.9885322553276
903.5686151435493
863.8306558869342
910.6297195341995
896.2046295691073
898.1105086290823
934.3907520062152
916.385148986554
875.6085899743448
869.4467081117148
879.699580044715
890.3083198564904
870.1727784115543
821.6172128718001
869.9460561039411
856.6818030948718
908.7823674950508
883.7168022928056
864.9913844455352
898.3237502902515
883.844297774251
866.8513657736488
877.106370401371
854.946427354769
923.4541210672181
879.8164387430961
970.3564278858427
896.8369469635267
901.540578933054
887.3097086639067
892.1798485278783
911.298696118022
904.4506240023999
918.7767028422165
861.0545949585606
920.089203442281
955.5681725159726
905.8123852999909
953.7807188466035
893.28650715883
870.6604006002747
916.9729300467641
895.2399232255059
863.256939645443
884.8727279907764
880.0592732420416
919.6214789382897
878.5421013987901
880.5100441481003
936.8419159651245
909.4564503456182
972.0209381155562
913.1111594392112
904.2212881191233
888.8033220972144
895.425195940843
889.7736413542738
859.1293618896067
959.3103355336677
882.9222381213949
908.3022710762255
939.8298449534848
910.7242707331992
846.1741648463055
850.60586496217
815.257217473225
869.2299490002115
909.7971251886299
921.8388165144097
919.9783558616531
908.4350432443129
881.1843773587116
889.9915357753953
949.9789669933837
846.5066014733582
868.0856545141905
886.27276562594
864.248932866675
902.7445770234362
892.8202193253361
917.6596128105284
898.0868549837784
895.8323152582476
889.6068225020019
838.701170136633
850.6563894645791
970.9322702903152
910.136336614291
894.0968258835455
930.5838591508196
871.7886948263283
907.970931624496
882.8213630538928
905.2443496736676
875.589742747438
909.2581701831174
924.2834146856251
882.2638731489731
919.1586730651561
894.6486454607382
902.8559454597455
915.4664803700316
898.8107470182389
878.0936833293629
887.5876242084403
942.9980593850775
885.0042760665792
881.0336971883978
928.3974499512426
918.9516256595601
880.6971571888605
928.792168944868
911.3628569209932
953.085837820983
915.4816441703149
906.1718356174994
858.388312366356
897.219916706299
916.3036711101764
960.3090102384274
960.0737274154337
870.5672382526498
904.7338200484508
904.3252890189624
889.2314723388909
883.7861742107555
875.7045048164955
845.7994096604667
899.3071183034297
927.7481862484796
897.2078446869871
912.2487269839473
949.3805871337963
873.560268940288
906.2517999123891
874.0092163658926
961.3265365547961
896.4206434690899
894.2838012207764
910.4381245776947
875.8748440769361
889.7143139181946
841.6347244933925
931.3250950512308
866.1175804618163
876.3607654605215
864.2820115673181
904.5562350685252
900.8662448390509
885.3250245925768
935.3675159063814
915.448609783815
895.2821454089017
909.6908497744984
893.98937424916
898.4013893540989
939.8096721528685
866.5535334047524
897.6235361477645
887.238182701685
890.3413936568911
936.2505215705818
869.5781593958006
903.0029073311978
893.5540330447999
899.6099278991576
881.9995947377847
879.2452778840932
975.7955885266254
865.2189948314566
925.5803904716937
908.390690491838
853.048635035702
816.4753859246905
886.2753358968988
853.5175546354437
871.1752126732221
920.5744996418716
912.2569515215425
929.308076121349
972.9155301158398
856.339427682729
881.2242283501049
919.2440806926628
913.8974975443577
930.4885603445313
826.7097471322901
947.9901888657805
960.1032648440032
861.4233181353477
900.4372264793916
906.2859542332062
888.8357919285106
900.2622253146252
985.0026483153235
887.6053733822448
948.1433171278892
868.7017547275367
911.8447672503407
932.7826186274093
935.4668462622212
912.9034638165797
845.8480942326372
889.6835325700176
866.8793930859447
885.2160226151539
920.3231988621108
896.6338231785276
903.4182612741184
881.4928313373719
962.906845205468
925.9877548467417
911.9640836816045
911.3553619702707
826.6262558606147
947.1063927001757
938.6467816952476
901.5508857089362
903.0531471130056
893.7053894914928
891.5456240024143
901.934611898283
838.1801221138624
883.4302025587118
911.2405757082868
908.2434295717756
901.2891048514845
883.9978299034026
854.6246332464959
889.2616110133749
902.9150492514691
929.4006520490688
940.1177463472841
906.0904765637581
869.1646228821771
954.955125056173
878.1292577747732
900.9572839159209
904.262780505084
905.2544097641681
860.4758073098652
904.8060110378799
898.7728888996196
907.4999243844262
946.5139218718384
871.4660101460249
883.6672458208135
903.260013887344
900.2807283194516
939.3978163954247
891.7270369552692
932.2738485353278
947.1638317929046
903.1403034263345
957.3152395951508
894.9500623647039
893.823939361888
880.931448036469
910.3622285199217
950.9140083712069
877.7074824820354
908.9674404511704
888.3088058012029
868.4388627600708
877.4876221615032
956.2286366676371
865.3718219509077
887.8340100753488
856.533464361533
930.6974581161096
949.4354660642451
904.7861833762042
888.1317773973788
917.2497291141684
927.5699023622313
914.6002420238967
891.8566504580918
888.8021785893
949.8532320090986
937.9208156949769
940.7956582945402
914.8927334270132
871.1417221637032
873.4565625728746
974.3599439017092
951.7472629363286
871.9818311318089
903.7526780881553
889.8554536535836
888.0259112204901
907.0570631259454
849.9566193064247
929.1273249540096
880.0716613825268
870.6893928039481
952.507924352249
850.5454783809549
923.1415633875052
871.3232633429519
944.1322243234536
848.0602026159529
903.7851127750733
880.2682767025799
904.1103192693141
881.1239769372339
916.5158374098453
866.4391669995463
944.0017439186292
873.2229887289119
902.2331886908554
921.0645316710506
874.2234477732081
862.5198219893443
934.6273400666726
891.9387826374171
910.1802130967308
894.7560811987854
893.458543270132
862.3937891628084
908.7801063420562
901.3630386436644
944.7258575669139
908.7717270477324
937.2081239727262
902.3642613321106
924.2315120538402
893.4909493936514
927.9118426801612
858.7578003343062
914.7249546794856
876.0251251718494
921.860738995445
919.7625992854879
883.093754866157
892.5697310833551
948.3324386146633
921.6529886848218
916.9192839850209
889.8943521568308
980.7447159342971
911.4600086288663
891.2293029044849
916.2929910989175
864.5838089530611
901.8654573457046
878.0102056606563
836.0770798759238
900.0846737674761
916.9654130919065
981.0927843439024
917.491744262722
901.413363490562
860.5617658258761
897.0752726720582
886.0558677530705
873.7975141621944
858.51625253075
885.5101893603921
889.7434937864488
922.657763405751
932.9943749930895
962.349555877485
973.6163975873764
891.3971585518691
904.9680145671109
941.9979777483866
877.8009005497242
964.3842372636736
893.5418951868957
961.3661043624732
932.4894181020121
898.3789339369108
886.7434688309434
904.4475432801152
877.3536726473645
855.4291204722962
855.4131242008978
915.1030469975947
893.2411275002029
875.8263308260418
900.063902271356
889.460094675427
916.4780648668122
913.933444171799
908.4316901242777
904.7475327177297
867.9618048196535
921.2788060709514
919.1243898526673
868.2659729189927
886.8319812643098
887.2198578495161
883.038280103557
937.5096737215238
906.6905361517549
879.0223335123313
862.6291162623909
888.8431361682542
868.9704543383602
907.1926394005766
907.9333132499999
883.0926730276831
909.5109648481427
919.3359795920121
888.8397571206269
927.092190105798
896.4565230059197
885.6255776701285
908.1381398819773
946.7545181750427
895.4556813912404
854.3376990193549
917.1627507557483
900.4267110094099
918.3154023571069
913.9078597384774
917.1352176313437
902.1250934719343
885.4359019874213
888.5261639042294
914.0916509916453
875.7269072614057
930.7931269011755
885.6593051351778
937.3504151731146
893.867623410707
935.8233960007044
931.8953473310315
912.8101224735744
931.536856940777
937.70480444159
934.0993384970213
931.3391367473753
883.7495066045116
905.6892554385707
913.0056818229486
924.0230275133832
929.688018519809
897.4342645386166
904.1062406723468
876.257544628168
893.0650255929177
939.3356184126205
909.8772532947412
878.0310988630839
899.5096327476991
896.0321671886004
924.8015885478674
956.347202678706
906.3728167214176
900.2978311894891