6.367241379310345
6.387650085763293
6.531545741324921
6.155993431855501
6.312602291325695
5.936952714535902
6.250411861614498
6.277147487844409
6.256896551724138
6.226962457337884
6.348367029548989
6.266556291390729
6.481889763779527
6.1843853820598005
6.312903225806451
6.233898305084746
6.106271777003484
6.648953301127214
6.647154471544716
6.458745874587459
6.18212478920742
6.406091370558376
6.1785095320623915
6.025083612040134
6.368055555555555
6.595846645367412
6.176776429809359
6.310743801652893
6.628346456692913
6.305418719211823
6.351612903225806
6.259615384615385
6.4006410256410255
6.341503267973856
6.250853242320819
5.722033898305085
6.347593582887701
6.607573149741825
6.347150259067358
6.057565789473684
6.106643356643357
6.2699186991869915
6.137152777777778
6.116319444444445
6.180851063829787
6.215547703180212
6.347682119205298
6.350906095551895
6.325744308231173
6.368421052631579
6.53169014084507
6.603864734299517
6.380305602716469
6.57762938230384
6.278797996661102
6.57556270096463
6.214650766609881
6.280879864636209
6.528363047001621
6.2620689655172415
6.3904448105436575
6.403846153846154
6.203389830508475
6.5941558441558445
6.401913875598086
6.549180327868853
6.661129568106312
6.205084745762712
6.195911413969336
6.612179487179487
6.421602787456446
6.586092715231788
6.376432078559738
6.0456852791878175
6.229310344827586
6.785394932935916
6.5088
6.5293132328308205
6.577557755775578
6.424749163879599
6.4672413793103445
6.548440065681445
6.227655986509275
6.485049833887043
6.097173144876325
6.527004909983633
6.662671232876712
6.567092651757188
6.293918918918919
6.369230769230769
6.545454545454546
6.661740558292283
6.181818181818182
6.645868465430017
6.065292096219931
6.820872274143302
6.531300160513644
6.389632107023411
6.23873121869783
6.4720893141945774
6.297734627831715
6.340983606557377
6.39443535188216
6.395622895622895
6.476499189627228
6.514657980456026
5.996726677577741
6.214904679376083
6.416666666666667
6.4984709480122325
6.363036303630363
6.396381578947368
6.267886855241264
6.556818181818182
6.282986111111111
6.268456375838926
6.4353741496598635
6.366609294320138
6.115823817292006
6.4854700854700855
6.498355263157895
6.75
6.0227272727272725
6.4752
6.297113752122241
6.869067103109656
6.295566502463054
6.434707903780069
6.298456260720411
6.658615136876007
6.330049261083744
6.593851132686084
6.469491525423729
6.538842975206611
6.394342762063228
6.217162872154115
6.343450479233227
6.194395796847636
6.313725490196078
6.391373801916933
6.238013698630137
6.429725363489499
6.365259740259741
6.327332242225859
6.200686106346484
6.209380234505863
6.416382252559727
6.306049822064057
6.553429027113237
6.48465266558966
6.295726495726496
6.4468802698145025
6.3754098360655735
6.458333333333333
6.434146341463415
6.4504065040650405
6.411247803163445
6.59375
6.247863247863248
6.5342902711323765
6.5691573926868045
5.975778546712803
6.15886287625418
6.68130081300813
6.384745762711864
6.899236641221374
6.473257698541329
6.581993569131833
6.327242524916944
6.130952380952381
6.429027113237639
6.308080808080808
6.144620811287478
6.110367892976589
5.891891891891892
6.386243386243386
6.444073455759599
6.363636363636363
6.491056910569106
6.243567753001715
6.440766550522648
6.204878048780488
6.228279386712096
6.287648054145516
6.3367003367003365
6.2565445026178015
6.406148867313916
6.207177814029364
6.513866231647635
6.327702702702703
6.3841269841269845
6.698412698412699
6.445193929173693
6.305555555555555
6.206030150753769
6.605610561056106
6.485568760611206
6.5
6.4889643463497455
6.384745762711864
6.384615384615385
6.53870458135861
6.3933333333333335
6.546774193548387
6.312820512820513
6.36986301369863
6.410344827586207
6.315447154471545
6.363793103448276
6.254486133768352
6.373737373737374
6.337308347529812
6.552674230145867
6.156896551724138
6.700336700336701
6.194055944055944
6.017094017094017
6.372053872053872
6.089193825042882
6.188473520249222
6.374792703150912
6.314332247557004
6.3519736842105265
6.445182724252492
6.60551948051948
6.034782608695652
6.299159663865546
6.36231884057971
6.657894736842105
6.304498269896194
6.466442953020135
6.296116504854369
6.452504317789292
6.614093959731544
6.607615894039735
6.368421052631579
6.275290215588723
6.641914191419142
6.468599033816425
6.492113564668769
6.48314606741573
6.385934819897084
6.444983818770226
6.209650582362729
6.308848080133556
6.43824027072758
6.548701298701299
6.332231404958677
6.240549828178694
6.380634390651085
6.515447154471545
6.253634894991922
6.5739268680445155
6.589527027027027
6.467084639498433
6.459369817578772
6.305054151624549
6.43312101910828
6.440261865793781
6.584664536741214
6.406143344709897
6.58
6.226962457337884
5.97986577181208
6.393634840871022
6.605220228384992
6.396321070234114
6.283760683760684
6.22986577181208
6.531948881789138
6.418897637795276
6.217838765008576
6.2574750830564785
6.374789915966386
6.508972267536705
6.471760797342193
6.932515337423313
6.340356564019449
6.13986013986014
6.458684654300169
6.249569707401033
6.366492146596858
6.2786324786324785
6.446875
6.488636363636363
6.501677852348993
6.456896551724138
6.357843137254902
6.265993265993266
6.036777583187391
6.508064516129032
6.3769716088328074
6.627795527156549
6.363067292644757
6.557299843014129
6.315447154471545
6.5647840531561465
6.305903398926655
6.040515653775322
6.541666666666667
6.64500792393027
6.502521008403361
6.316865417376491
6.525
6.281034482758621
6.167259786476868
6.702619414483821
6.630894308943089
6.157894736842105
6.485294117647059
6.516329704510109
5.814285714285714
6.556962025316456
6.5126903553299496
6.24701873935264
6.64451313755796
6.177814029363785
6.546644844517185
6.5620567375886525
6.419968304278922
6.413570274636511
6.40650406504065
6.229096989966555
6.409395973154362
6.462662337662338
6.319536423841059
6.535042735042735
6.410214168039539
6.299832495812395
6.178890876565295
6.097039473684211
6.4188481675392675
6.641109298531811
6.2229965156794425
6.603618421052632
6.505709624796085
6.313028764805415
6.361629881154499
6.701666666666667
6.077586206896552
6.124573378839591
6.207070707070707
6.445614035087719
6.329450915141431
6.33500837520938
6.465776293823039
6.247440273037543
6.082508250825082
6.3723776223776225
6.422003284072249
6.288743882544861
6.531300160513644
6.579207920792079
6.137989778534924
6.608763693270736
6.448453608247423
6.471760797342193
6.518900343642612
6.553082191780822
6.555555555555555
6.2783171521035595
6.696428571428571
6.2947019867549665
6.464743589743589
6.409168081494058
6.257001647446458
6.529411764705882
6.516351118760757
5.8717504332755635
6.038461538461538
6.3216
6.364667747163695
6.224108658743633
6.402936378466558
6.467905405405405
6.219224283305228
6.550324675324675
6.354943273905997
6.348056537102473
6.628346456692913
5.831304347826087
6.343537414965986
6.4891846921797
6.378839590443686
6.318541996830428
6.747557003257329
6.247135842880524
6.311846689895471
6.603588907014682
6.194762684124386
6.339285714285714
6.400335008375209
6.278350515463917
6.591346153846154
6.14261744966443
6.466019417475728
6.323529411764706
6.346801346801347
6.29489291598023
6.540268456375839
6.111111111111111
5.968120805369128
6.489690721649485
6.524590163934426
6.488926746166951
6.124361158432709
6.556338028169014
6.087033747779751
6.406040268456376
6.272577996715928
6.306779661016949
6.610662358642973
6.632279534109817
6.423011844331641
6.4991869918699186
6.463210702341137
6.190864600326265
6.283478260869566
6.4358108108108105
6.290756302521008
6.290155440414508
6.445901639344262
6.243523316062176
6.233676975945017
6.681962025316456
6.25752508361204
6.162903225806452
6.348837209302325
6.266891891891892
6.541269841269841
6.321858864027539
6.447452229299363
6.511217948717949
6.300165837479271
6.226148409893993
6.465266558966074
6.39443535188216
6.552763819095477
6.4975609756097565
6.145299145299146
6.290484140233723
6.65365025466893
6.420068027210885
6.200342465753424
6.2786324786324785
6.279674796747967
6.6210191082802545
6.216806722689076
6.114384748700173
6.342668863261944
6.310225303292894
6.240282685512367
6.352745424292845
6.380035026269702
6.269102990033223
6.24263431542461
6.165247018739352
6.3605220228384995
6.171526586620926
6.306086956521739
6.226351351351352
6.365771812080537
6.1033333333333335
6.1525423728813555
6.537964458804524
6.347687400318979
6.373355263157895
6.404399323181049
6.600318471337579
6.412903225806452
6.555205047318612
6.525535420098847
6.52
6.193379790940766
6.605220228384992
6.407894736842105
6.323728813559322
6.583333333333333
6.529610829103215
6.27054794520548
6.344827586206897
6.361486486486487
6.634840871021775
6.430879712746858
6.231686541737649
6.618032786885246
6.280130293159609
6.3485617597292725
6.267768595041322
6.431781701444622
6.293132328308208
6.405063291139241
6.531666666666666
6.139616055846423
6.325783972125436
6.475298126064736
6.308347529812607
6.829457364341085
6.35236541598695
6.2324786324786325
6.370748299319728
6.3607907742998355
6.3232323232323235
6.225122349102773
6.703099510603589
6.079545454545454
6.5152542372881355
6.217532467532467
6.2582322357019065
6.47001620745543
6.358108108108108
6.343185550082102
6.396381578947368
6.65483870967742
6.185737976782753
6.560250391236306
6.491582491582491
6.321192052980132
6.150592216582064
6.472972972972973
6.357021996615905
6.129213483146067
5.994782608695652
6.389565217391304
6.2324414715719065
6.282051282051282
6.309688581314879
6.025906735751295
6.541195476575121
6.444983818770226
6.469194312796208
6.3029259896729775
6.509121061359867
6.283557046979865
6.228384991843393
6.328990228013029
6.580385852090032
6.4448
6.085714285714285
6.323181049069374
6.334415584415584
6.345840130505709
6.64274322169059
6.359223300970874
6.671383647798742
6.455631399317406
6.213930348258707
6.244299674267101
6.388349514563107
6.203098106712565
6.655226209048362
6.312399355877616
6.258064516129032
6.557627118644068
6.513333333333334
5.996389891696751
6.260869565217392
6.452768729641694
6.591639871382637
6.303986710963455
6.318996415770609
6.2894736842105265
6.306086956521739
6.358428805237316
6.373590982286634
6.45771144278607
6.7194928684627575
6.419689119170984
6.417362270450751
6.243739565943239
6.369047619047619
6.567839195979899
6.3566666666666665
6.204658901830283
6.401273885350318
6.563106796116505
6.1560798548094375
6.294509151414309
6.623711340206185
6.395348837209302
6.332129963898917
6.295138888888889
6.584
6.4068627450980395
6.40359477124183
6.569786535303777
6.316326530612245
6.321548821548822
6.6544850498338874
6.265164644714038
6.3808
6.371024734982332
6.511945392491468
6.388135593220339
6.57
6.450511945392491
6.307073954983923
6.554119547657512
6.176470588235294
6.421824104234528
6.318257956448911
6.256013745704467
6.415384615384616
6.429809358752166
6.402985074626866
6.180722891566265
6.526132404181185
6.45820895522388
6.203612479474549
6.154237288135593
6.659359190556493
6.3119122257053295
6.386581469648562
6.393581081081081
6.293220338983051
6.324074074074074
6.415410385259632
6.483245149911816
6.431666666666667
6.394915254237288
6.517706576728499
6.489465153970826
6.185059422750425
6.363790186125211
6.251264755480607
6.241796200345423
6.573033707865169
6.177339901477833
6.407094594594595
6.29553264604811
6.45114006514658
6.247491638795987
6.311304347826087
6.134020618556701
6.267361111111111
6.055276381909548
6.162520729684909
5.823214285714286
6.485436893203883
6.490500863557858
6.206239168110918
6.334913112164297
6.229059829059829
6.259677419354839
6.5385906040268456
6.298333333333333
6.355155482815057
5.963093145869947
6.375426621160409
6.30514096185738
6.208053691275167
6.206375838926174
6.048865619546248
6.348122866894198
6.448553054662379
6.090434782608695
6.298456260720411
6.508038585209003
6.591803278688524
6.794830371567044
6.407345575959933
6.031746031746032
6.319859402460457
6.144537815126051
6.206540447504303
6.200996677740863
6.62046204620462
6.50402576489533
6.630794701986755
6.337726523887974
6.670926517571885
6.308441558441558
6.476351351351352
6.529411764705882
6.171477079796265
6.68125
6.586148648648648
6.018394648829432
6.447098976109215
6.620748299319728
6.256955810147299
6.149647887323944
6.0879864636209815
6.306397306397306
6.615615615615615
6.231147540983606
6.173400673400673
6.304560260586319
6.170812603648424
6.231726283048212
6.148648648648648
6.158620689655172
6.311973018549747
6.2075471698113205
6.573089700996678
6.302170283806344
6.472039473684211
6.4112
6.391596638655463
6.294520547945205
5.867924528301887
6.493243243243243
6.74203821656051
6.682539682539683
6.716108452950558
6.148208469055374
6.479338842975206
6.104895104895105
6.354515050167224
6.173838209982788
6.146209386281589
6.189368770764119
6.5718849840255595
6.3566666666666665
6.406349206349207
6.392491467576792
6.524671052631579
6.406807131280389
6.32120253164557
6.305921052631579
6.539115646258503
6.703583061889251
6.295608108108108
6.686985172981878
6.116788321167883
6.52436974789916
6.4049180327868855
6.336065573770492
6.216549295774648
6.392014519056262
6.505942275042445
6.4144295302013425
6.486440677966102
6.548543689320389
6.350671140939597
6.42566510172144
6.323529411764706
6.390924956369982
6.217462932454695
6.247349823321555
6.206322795341098
6.280467445742905
6.169463087248322
6.693418940609952
6.186963979416809
6.252380952380952
6.455008488964347
6.289036544850498
6.495784148397976
6.66394779771615
6.664983164983165
6.228668941979522
6.3931623931623935
6.505922165820643
6.160130718954249
6.420183486238532
6.06701030927835
6.3686868686868685
6.31219512195122
6.253611556982343
6.396166134185304
6.199658703071672
6.728971962616822
6.548060708263069
6.240802675585284
6.315966386554622
6.634768740031898
6.653907496012759
6.298275862068966
6.058441558441558
6.195729537366548
6.4561983471074385
6.2894736842105265
6.324104234527687
6.570032573289902
6.399662731871838
6.194630872483222
6.364093959731544
6.348982785602504
6.198333333333333
6.092307692307692
6.503257328990228
6.487001733102253
6.224283305227656
6.43824027072758
6.36271186440678
6.452261306532663
6.4561983471074385
6.293624161073826
6.167530224525043
6.360738255033557
6.729272419627749
6.252577319587629
6.035149384885765
6.390522875816994
6.503300330033003
6.310696095076401
6.407094594594595
6.488993710691824
6.7432216905901115
6.401639344262295
6.68
6.191201353637902
