69.0
74.0
92.0
65.0
69.0
42.0
79.0
76.0
69.0
59.0
70.0
89.0
86.0
59.0
71.0
67.0
57.0
94.0
113.0
84.0
59.0
92.0
82.0
60.0
70.0
105.0
47.0
71.0
98.0
84.0
79.0
87.0
92.0
73.0
93.0
38.0
59.0
92.0
68.0
73.0
64.0
72.0
77.0
55.0
63.0
62.0
78.0
93.0
73.0
77.0
82.0
96.0
67.0
71.0
75.0
66.0
59.0
71.0
91.0
75.0
81.0
65.0
68.0
105.0
76.0
73.0
95.0
78.0
61.0
93.0
64.0
77.0
97.0
62.0
84.0
123.0
95.0
86.0
93.0
71.0
76.0
76.0
69.0
75.0
50.0
96.0
99.0
105.0
66.0
84.0
99.0
93.0
64.0
92.0
52.0
110.0
92.0
81.0
66.0
92.0
93.0
78.0
82.0
95.0
90.0
92.0
66.0
75.0
77.0
95.0
74.0
68.0
78.0
80.0
68.0
72.0
75.0
79.0
59.0
79.0
68.0
98.0
63.0
93.0
71.0
103.0
61.0
77.0
56.0
106.0
69.0
74.0
72.0
85.0
95.0
60.0
83.0
73.0
86.0
92.0
69.0
77.0
72.0
82.0
65.0
72.0
87.0
69.0
88.0
98.0
71.0
71.0
91.0
69.0
88.0
86.0
79.0
94.0
61.0
95.0
105.0
69.0
58.0
88.0
84.0
103.0
83.0
99.0
76.0
62.0
96.0
77.0
66.0
56.0
47.0
68.0
77.0
73.0
77.0
62.0
60.0
77.0
66.0
80.0
66.0
67.0
83.0
68.0
88.0
76.0
80.0
111.0
62.0
89.0
76.0
91.0
75.0
94.0
87.0
83.0
101.0
96.0
70.0
90.0
77.0
78.0
71.0
86.0
82.0
64.0
69.0
76.0
83.0
62.0
84.0
63.0
55.0
76.0
59.0
77.0
76.0
79.0
84.0
73.0
101.0
54.0
61.0
81.0
89.0
65.0
80.0
70.0
78.0
86.0
92.0
83.0
83.0
84.0
74.0
96.0
79.0
76.0
85.0
66.0
66.0
82.0
91.0
75.0
65.0
94.0
94.0
76.0
103.0
98.0
90.0
85.0
60.0
98.0
69.0
96.0
76.0
90.0
66.0
56.0
69.0
86.0
83.0
76.0
69.0
93.0
92.0
60.0
68.0
88.0
82.0
70.0
122.0
88.0
70.0
88.0
72.0
72.0
54.0
84.0
99.0
85.0
64.0
70.0
74.0
58.0
88.0
87.0
90.0
77.0
97.0
70.0
77.0
81.0
58.0
103.0
96.0
86.0
76.0
100.0
72.0
59.0
99.0
102.0
66.0
95.0
101.0
42.0
89.0
84.0
74.0
96.0
62.0
88.0
87.0
86.0
92.0
81.0
72.0
68.0
88.0
75.0
73.0
81.0
81.0
66.0
52.0
81.0
97.0
74.0
87.0
85.0
69.0
70.0
85.0
65.0
56.0
61.0
75.0
67.0
83.0
79.0
76.0
67.0
77.0
84.0
69.0
75.0
82.0
57.0
94.0
89.0
80.0
91.0
72.0
96.0
70.0
81.0
76.0
92.0
75.0
67.0
78.0
84.0
35.0
61.0
74.0
87.0
74.0
83.0
80.0
71.0
100.0
65.0
68.0
109.0
52.0
73.0
76.0
75.0
81.0
114.0
64.0
70.0
89.0
74.0
72.0
81.0
65.0
71.0
66.0
106.0
61.0
74.0
92.0
74.0
52.0
61.0
90.0
87.0
85.0
62.0
78.0
62.0
85.0
64.0
94.0
82.0
82.0
92.0
94.0
80.0
84.0
88.0
77.0
62.0
74.0
83.0
54.0
64.0
100.0
71.0
67.0
78.0
95.0
96.0
59.0
80.0
86.0
67.0
74.0
98.0
94.0
79.0
84.0
55.0
68.0
98.0
78.0
70.0
70.0
70.0
93.0
77.0
63.0
86.0
72.0
61.0
84.0
72.0
70.0
54.0
77.0
89.0
59.0
73.0
70.0
75.0
54.0
49.0
94.0
67.0
75.0
73.0
90.0
72.0
97.0
90.0
83.0
62.0
92.0
78.0
78.0
74.0
91.0
71.0
54.0
85.0
94.0
77.0
56.0
92.0
69.0
63.0
77.0
73.0
70.0
76.0
88.0
72.0
61.0
88.0
72.0
131.0
80.0
61.0
70.0
83.0
76.0
77.0
97.0
58.0
84.0
69.0
71.0
77.0
81.0
73.0
79.0
99.0
60.0
112.0
81.0
89.0
77.0
81.0
74.0
53.0
60.0
74.0
64.0
69.0
82.0
56.0
95.0
92.0
77.0
61.0
87.0
65.0
76.0
80.0
90.0
92.0
62.0
81.0
69.0
84.0
116.0
74.0
99.0
75.0
64.0
89.0
83.0
78.0
102.0
80.0
53.0
80.0
77.0
55.0
52.0
86.0
91.0
76.0
68.0
65.0
73.0
79.0
79.0
72.0
110.0
82.0
72.0
70.0
75.0
78.0
66.0
63.0
87.0
98.0
54.0
68.0
93.0
76.0
72.0
55.0
96.0
67.0
91.0
86.0
67.0
67.0
104.0
59.0
79.0
65.0
89.0
95.0
80.0
91.0
94.0
109.0
61.0
79.0
74.0
67.0
84.0
74.0
75.0
59.0
72.0
96.0
72.0
59.0
86.0
85.0
82.0
86.0
76.0
81.0
75.0
62.0
72.0
92.0
76.0
81.0
67.0
82.0
61.0
72.0
102.0
66.0
78.0
74.0
87.0
88.0
72.0
76.0
65.0
60.0
63.0
55.0
81.0
84.0
71.0
79.0
76.0
89.0
88.0
82.0
75.0
56.0
84.0
67.0
79.0
80.0
54.0
74.0
88.0
57.0
66.0
92.0
101.0
103.0
76.0
45.0
64.0
79.0
57.0
70.0
104.0
93.0
95.0
79.0
96.0
61.0
76.0
85.0
73.0
122.0
94.0
66.0
77.0
69.0
86.0
64.0
64.0
78.0
107.0
49.0
73.0
68.0
59.0
95.0
78.0
64.0
59.0
62.0
90.0
85.0
88.0
87.0
77.0
70.0
43.0
90.0
96.0
103.0
120.0
76.0
81.0
59.0
61.0
53.0
62.0
75.0
99.0
70.0
71.0
83.0
82.0
70.0
68.0
67.0
75.0
106.0
70.0
95.0
63.0
89.0
73.0
80.0
57.0
64.0
77.0
74.0
83.0
90.0
73.0
86.0
57.0
68.0
76.0
64.0
74.0
80.0
76.0
97.0
62.0
82.0
78.0
74.0
91.0
94.0
91.0
75.0
74.0
75.0
69.0
83.0
52.0
64.0
73.0
62.0
84.0
65.0
117.0
87.0
65.0
74.0
99.0
100.0
80.0
55.0
67.0
78.0
80.0
78.0
90.0
83.0
71.0
78.0
86.0
64.0
62.0
97.0
85.0
68.0
81.0
71.0
87.0
81.0
72.0
64.0
91.0
85.0
71.0
52.0
82.0
81.0
69.0
84.0
96.0
95.0
71.0
80.0
67.0
