351.120716831048
339.0831474277252
370.18097602513427
359.81944208332965
362.3433522389227
348.08400817408983
345.1408962409807
371.5562570201911
343.16735588182894
356.0907287415741
378.6064875196726
341.62550358394753
376.3807493922775
356.4622353617858
364.36681409348466
358.0546972311573
341.880762442398
391.34871927202005
375.2108466856275
358.1633455676277
363.5376124459749
320.1370989054867
344.5104582330042
355.196423640935
343.05651484757914
384.19849743644
357.1543782516343
367.4463316859908
378.70156062194445
350.67947366214906
362.8335458330865
372.9750211505571
347.8315343369633
372.39143779241533
339.3181909154781
351.8346836458838
343.0834688177812
355.94879175711924
330.9724773736757
343.48024039450706
340.4910969727143
364.35264825052843
319.6128598099775
334.4825879026662
331.22597691654653
347.55099689996484
380.0456552104138
371.364384098256
331.68308947760886
323.1881566567082
342.1380047765836
377.3602215885902
357.85407048017265
391.0684272155337
354.2933150261495
407.1655549234356
338.7516784184385
346.1858825370135
355.57699990101054
344.90065459199263
355.9355505980481
380.95737605343675
345.94316144245585
351.8014073414387
366.38947210306617
362.1985676586162
359.46861792029034
317.73152794101026
351.31036559462484
381.7058707971705
347.60942975205444
366.7033958022972
347.3261724574843
351.60373047036666
318.5696956461253
396.24636492559887
359.9432296522872
351.3837995093888
383.71299360082844
369.1092192118491
364.39283733156026
382.39176141840056
335.8221686250977
392.4796272647228
346.2858093919757
348.62971751243373
351.120636606464
375.31956545274073
352.6782047384493
354.5270312145406
368.7330570898762
369.21559924374844
324.1079410739388
354.47392858992646
344.1086246211713
382.2119218536111
382.5599171241255
367.4662195526891
330.23933685346634
377.8988401832356
355.04731265369185
340.26995744598037
363.38375261108126
349.1938926324652
353.1339630227898
352.01604594281395
341.558084427896
351.3438911328125
329.8330938002608
395.10396819209564
360.13768963444033
342.3409693118821
351.0867277805712
379.79746198499515
362.62748599914255
347.01229696203194
332.55363089858355
336.81182254394065
365.2413272627474
335.52658625377563
374.539458691249
329.6803391756298
345.0749701872313
380.7189926040366
321.33295148359133
379.2783812531025
376.55745002326233
355.2655123575263
373.07716144553115
378.11194078119564
346.3261453097132
368.54905432258386
369.121452840454
375.1968302184083
335.7863325905323
330.9594454726016
376.7274879820149
341.6182265941411
353.73996858865434
368.8079447147387
313.03917078747514
393.91134309086084
362.7161328821883
368.97131920850524
334.8817321008615
360.12416538603844
350.6236203289509
326.1343640965268
366.15726712259607
349.9743859611034
347.4789807731819
369.5304224826425
378.00751020427504
345.4275931257059
373.12306777213803
345.39525952727763
333.861876480774
371.2471725681909
351.1754408814361
371.8668843330219
387.72442415810133
327.92468340630114
347.9936994521525
367.62035625960505
340.2195708117401
413.275576678369
368.62936113617786
368.4681926473644
374.9139665534575
353.9185993734435
369.5497705382666
339.7132583770538
342.4323548537936
354.4157581507869
305.6646455706561
371.10728511456557
359.0566257501277
363.8372607575795
373.4074693262779
358.35508006612577
368.0555986138011
347.3068503220588
367.62978520776846
343.94571775197136
356.7815200306435
343.83432542043414
379.22113482354035
357.32766499394546
386.3886602794954
340.68008814649704
367.6785766582927
381.1640322503084
355.2473593108124
344.54203072194935
333.15560115887945
365.2348053593067
363.9167604903332
378.92525729357214
343.7073497990629
341.2558945600607
353.70086507911424
369.3909281264553
356.79129773497533
391.0442600412473
342.80403650000824
358.1784233896033
355.69252573036346
348.61362785798696
334.4972678489164
376.72818448635684
351.7537771627307
369.4832516049182
374.9346755344692
322.5049337181091
355.51715350381437
362.0834521557755
353.24604400486874
350.0088321074738
346.77061816887533
370.68987889407913
357.5046974976136
362.81165676446216
364.40464012758264
361.4911334048346
362.59277211511755
330.333403767049
358.538577774812
357.45980236277563
370.16758113841524
354.26840923536145
360.566583454863
370.0117550423677
355.0018071069602
358.1616820274413
353.8026809451709
403.39721530992165
341.83006280508835
362.0711047473481
379.69176690189437
368.73434757229904
389.5336722942319
353.10422793780566
363.24771716391837
355.9199288338235
363.66252684802396
369.4061901567869
361.2617791568777
381.1962236725228
349.63202784204344
342.9716160858338
350.99462020297193
378.5907065837694
370.80120788914917
332.5986011974233
365.5362880021373
365.7696211596814
340.38596336667035
365.0182015875702
399.37225235064057
376.5388269117308
340.97303352653876
366.7701214545917
356.86863275832275
344.3390138047516
361.8609382299006
385.3689840131947
361.57463669591135
334.7937442585723
340.81989363713853
353.3597686389793
381.8152866636757
344.561705417908
371.91421321843063
333.87010645928774
374.5438565244127
382.4968567306118
382.8986372073224
366.63908658375743
331.6748112692286
340.8412675665566
333.642140521712
315.5288520562464
352.4904743407868
380.91371330868503
369.3241799478718
361.28003857039346
342.2027797759853
376.57346652960825
335.992744077247
344.23060339871046
370.9116463930578
381.4145451226778
392.94197610766474
375.26952319932013
374.02417312343994
371.47987625292046
397.98054420257097
316.46706969683754
324.32630370295465
361.97658549060725
355.9333982001402
370.3812977154859
345.8180179699099
397.90005128383353
334.4396500669883
351.6621699417534
402.4365070799734
378.2946843594199
341.45280578076984
355.84546610053485
402.86276396395414
342.1237936092124
402.0546930196397
368.9626800610673
341.348903320492
369.25468744022123
366.0117390556053
354.49107773024565
325.23825450722455
386.2011914819464
373.3740838978223
375.4766800226139
383.5064622692988
349.7680557074343
354.3597818508297
369.44995516489314
340.62749831854984
373.5410740665376
346.88110193467617
332.0573287976965
369.32371053466454
339.49494637989994
371.6522511932097
338.8762663891901
368.9643377857539
373.35507397344975
344.85673415806383
354.9793536697768
367.13704058377766
328.6940026426377
347.74628907357254
372.2117240837486
342.7105968359012
354.9993651384691
345.10109978153855
357.71095276827344
333.85573230827566
345.8510165125941
328.9309399300887
358.16283276933916
359.8492790014357
386.58493626158605
365.1981961074808
344.80160482091446
371.22571105840524
373.868401383313
354.195837842458
333.43216931278675
366.58839373260224
404.75974634048475
372.2217971377259
379.8856404139655
348.1790058021089
370.4103003747655
363.3603190106848
375.6390626144098
384.4879116380215
358.8170871318371
339.7847723394283
341.7014941884944
374.63615790843687
364.46240163488255
327.1795566758237
354.6051726257582
354.69420488021035
370.38967033068263
368.0283976707684
381.37699251121876
353.9832965169896
367.15231791265745
312.8889485179865
368.1681096922263
371.4284068301418
354.4712162550287
375.3072558619906
362.5976249483277
369.0620744975266
332.62118185441284
372.3105364233692
363.0497004238849
374.59938009753165
357.306821211938
356.32516389385967
383.7021684899665
333.3066468196702
365.48481243962084
336.34232838836436
367.67347749673667
338.2250907331342
374.1660887462268
346.3672482684964
374.72259206267347
361.26157302435115
357.35995585224373
360.5967972532808
353.05065201439186
354.77562392903343
338.85086938819984
369.5415599040974
360.8028409482703
352.97480139099
370.5400890331313
370.58621535404774
356.1906161785576
377.96780171464525
365.3185885748343
333.0168915154578
333.0509916331817
357.1546596680697
344.2253844195776
340.52252708832367
350.7090116176805
346.7756023849823
337.8906837350611
391.445521970139
363.9325793041455
342.75193219032496
358.4498266041173
335.4084026837334
363.08666704022403
360.9062545981173
381.04706214915666
366.9019776471435
371.2643704532578
331.2750751211887
345.3964899030366
338.5438379422985
377.50499259648126
383.6694087225286
348.1614147448211
351.09839007878065
381.74683966801655
361.19991870061614
336.8781086775929
352.07256367159823
375.2867240083959
382.1910194456764
348.6906434234456
336.17780482918346
360.13434117984264
348.89470115694394
333.56016839132815
347.53894064185107
361.0223662976019
368.1086496669689
359.05096064284146
335.9615814327684
340.57368221193565
346.68493941907167
338.27241885434154
351.82372270631805
357.46831695515095
361.49487381811105
339.63429671707627
382.20597362041144
398.1100410286246
357.70127206610437
347.3805675202629
373.69805535320756
393.08880518230075
373.3343535269247
350.86658630376667
371.63151108291277
327.68511897061364
351.76317348030125
408.2954888589045
338.4621854777351
354.824764573854
347.11707273218707
349.71856874330285
358.1367276441298
338.16986069880625
360.92275458393567
327.58694557839465
348.8790330801222
380.48181497264534
356.31696229460726
363.6420146356014
363.56787200618044
361.85720972287885
379.6912354664207
389.01920904039554
347.3969121386231
332.4890050742856
354.90680391837185
341.4815419507678
361.9889980338837
371.6430117728082
361.7284389384461
330.174953152315
358.14174637470944
339.9199451224887
348.24399451870187
357.39532862841
395.0353280509028
342.90829050064724
358.37181799669366
356.3879714960954
349.0727640855049
396.66296361879535
344.4838622591491
365.9663424752927
364.9508419164028
388.0724586480033
347.4576167430096
367.33675467900525
349.78741828527524
347.4308285312511
338.1040236702509
356.42998544119973
375.12167720718526
308.90108108810983
316.7381592089196
334.9131544997118
370.3040037874299
335.79258385565925
320.01537073197477
344.7095306580035
355.98512466046816
358.9770109903381
362.26713161157534
337.6576438445976
374.66493074846
357.20644773271414
365.2084445843402
373.2102651868658
378.3572120094973
353.2776356211312
352.0384999384768
325.4970669506023
377.7258219746856
357.33029488201566
387.08923620036893
372.00307117573794
390.0946546446447
349.2671200764605
348.4568468693805
354.3497479177148
365.4680084841714
333.1210299574094
397.89054688996055
364.2231358710882
365.2604188998636
388.02017100761157
368.8989382538486
322.0693869178918
343.11050065811156
379.18845739151595
373.6426954299872
337.98101841778015
334.04939941535827
334.2369605025369
337.03937187462634
359.7667790268309
364.2750113614151
364.5964486129388
397.61139561540165
349.693036302645
370.62187665764395
362.90717307749105
367.4108451691176
356.9990045431386
371.5106258430371
352.7758412519947
380.88118080597803
351.1805134395026
337.05190173604524
353.324836459406
349.115170896819
358.092015855621
334.9428099896407
362.58490281454704
354.83228681522166
399.9608118868816
358.62286768723703
351.3103378300798
357.70655562668173
351.33281313305025
350.1552404707435
352.0625126110213
377.77179884546024
352.89135705368227
367.0603350016266
363.0089789804634
358.95128941888737
325.90480607948837
343.7959418349809
354.9312955697626
327.06738631439123
378.5132056002129
360.80987210761634
344.7076323180795
358.67569882109893
337.68194458678965
360.8121460164075
352.5091251718143
360.553966297331
372.14966628683896
339.03228087972076
351.09057642131
354.98927642294177
366.7766849484234
367.26264851748806
364.0808346559203
364.3792902898363
366.9679255747851
363.8451155855059
348.47710878892445
359.49134840722695
344.58438504961316
364.88911128888606
376.6610320052121
353.1821892578692
353.63073645864955
380.1275445837317
343.82720761106174
357.41664915853653
377.62778255515707
346.0515262611894
349.777819265016
353.9249957265517
353.92472993539843
329.0713461940803
335.2858264543478
338.60391542992517
336.99873945240836
362.19727283441955
311.81192343622195
381.87261076529757
356.3435668536549
345.3662771714381
369.0685323080071
335.235399374592
357.4996478379643
362.78918032487684
351.6758813570966
380.04804424832525
322.2028358750983
332.6254636329898
357.1817510113378
348.0693167191234
342.1273608335797
343.8877284177091
365.19644437291623
341.1770642759364
343.3947323395494
345.87282312314625
360.26093677734025
360.03431860401486
391.010466214341
349.39777170380296
336.92964582417875
311.88221101192187
315.5318312250946
340.53405428963094
368.1552424345222
347.6039123834268
373.2554540572653
384.9213595808615
350.47066987975313
383.86171275290513
397.6114175853307
352.4558031393776
339.1985554180583
344.257591973942
366.07621498281895
334.32826563931536
343.52768435119015
356.65269380270377
364.25117536062464
335.6962585361841
330.52134007064785
339.89670972215674
343.1571639922463
390.29139275058156
376.0317834089145
342.12744647327816
350.93688523509223
367.60799541506606
369.8407959039729
334.62687134109666
326.06780640333534
355.25952671114317
351.5454552062962
348.24118791747543
344.78485215709935
363.00957570420906
377.9084890028604
346.6786097278567
352.48708335810204
339.95424506641893
352.6954104158377
392.889854142883
373.06101886975404
377.0001308483265
331.2909815997008
370.74972887176875
347.7157150165689
385.17970137637377
371.3976344099141
316.0082238253937
344.49420694248016
385.40722138365163
360.8274167530368
388.2424482729992
353.6064618975378
386.36497084452407
393.19737177924173
369.8854570250306
370.0376757583432
379.93172973336243
373.99840073346684
336.60051310957846
368.35672673547157
317.3285107797158
341.6708674623978
378.1794967541615
355.24192008333387
328.20210188755743
346.9023055215569
362.61458573993906
352.00021488215964
343.01610911708315
363.72028318305854
380.16498896714256
360.1449464687219
356.13273190246537
345.4478375219499
358.7850911281756
331.5470697570298
357.2258085893868
337.10141678355455
338.67919587597623
382.6585882408219
334.4344111971492
353.31745673749924
329.18911185111466
347.95135195102773
339.6154987425726
375.2128164149168
362.6301413177656
345.43360886287104
375.80836925467327
377.6455582373505
357.8305498681965
314.10902865737637
336.5363632718926
353.84177470474555
357.80141382317225
370.58138456564365
360.08665890773784
351.6274236794074
376.9288300855593
365.2387362113458
360.0899303139654
342.15827503357883
372.3628994034483
369.8220241370356
345.56745869724944
368.53530105686957
340.06066168640155
372.74981159221085
344.91165893070206
347.29898476760076
381.34108130842463
343.67807134183056
332.03046934443216
372.7785689794017
357.73298284854604
363.0004950871988
338.97384655336197
347.1132736944509
349.8392908227817
359.6830034828377
366.73608133144
356.63814400311657
341.0437567026582
354.73356880185474
351.7374600855866
327.1687411194498
346.53052919260284
382.79214334650277
336.6816050973046
318.542393295961
362.6498703405875
379.1792158539164
330.24612415207133
352.5589576408757
382.05232191371726
368.9875494049651
383.810940643516
339.1700745246554
355.7507515044633
