657.244820792238
653.9292131430688
680.8797559937166
716.8701394791676
704.1391619402693
716.7289979564775
685.1647759397548
698.6359357449522
664.0331610295427
691.3023178146065
745.198378120082
660.7186241040131
695.2048126519309
717.6594411595536
713.3582964766289
680.6363256922107
685.6548093894004
646.4878201819951
603.5972883285932
660.9091636080931
702.1655968885062
634.0157252736282
636.497385441749
716.9758940897661
651.1358712881051
636.2753756408899
703.4114054370914
689.7884170785022
663.6496098445137
674.3301315844627
695.9416135417284
687.8062447123609
677.4921164157591
693.8271405518963
626.4454522711306
762.841329088529
651.1541327955547
601.0878020607202
663.6318806565811
707.9049399013733
668.9022257568213
705.7118379373679
652.9717850475056
694.1543530243335
657.7435057708633
657.262250775009
669.4385861973967
646.033903975436
642.1792276305979
632.9529608358229
608.2154988058542
648.0849446028524
672.6864823799568
662.7328931961167
677.3516712434626
703.4586112691411
697.7120803953904
675.0535293657465
661.0057500247474
651.3748363520019
672.091112350488
723.0606559866409
683.0142096393861
629.3996481646402
709.3526319742335
683.825358085346
623.3828455199274
669.9921180147473
691.3974086013437
657.1235323007073
656.6476425619865
663.9741510494257
648.9684568856288
702.1240673824084
641.3825760884688
655.4634087686003
664.9141925869282
641.8040501226528
631.1217515997929
673.5726951970378
635.57679066711
671.3020596453998
687.0694578437257
663.0800931838193
686.6035476520062
643.7425706218916
590.394840848384
639.8451086368149
684.3804488153876
633.9182421963649
656.0167357275307
635.4211001890629
652.8730147315154
617.8065178525183
709.2228438447072
640.0220195365971
661.1850207189685
655.5584451118277
703.1651657866335
671.175289954191
669.338171836577
688.8325106385049
674.1290618472295
625.7765268418837
666.0165092443025
655.9959885142964
729.810478893026
647.2140272167969
620.1167265499349
700.474007951976
684.7655775913898
702.7397576720296
675.7033180548573
674.125634503751
653.9181285002144
681.0469257594921
659.0615922753543
642.3720443640148
735.5146681843131
643.5683534365561
690.040135327188
587.9549152060926
673.3562574531923
665.2952518489908
677.4917621291022
606.4054046867244
714.3106374941843
640.3086219106184
685.3307096386172
625.3470148047011
704.2934636725719
690.2377364193538
657.4446367898865
649.5007924453981
639.828416852367
673.0101386318496
693.9931280044964
645.3204433514645
673.7650078528364
675.7230138213152
678.5152073031311
687.0221642272847
703.245966779453
675.8071701978736
681.1545669747846
681.9439586534904
628.3440949177623
638.6664089758684
678.285683219351
653.4564035097242
664.9052548067045
664.8923943793393
651.8231224489313
648.6431017185735
663.9442330569656
674.1261851181805
622.9345308798064
682.6882068579521
686.0811397796408
663.7582789167446
641.1688939604747
676.9688291484247
716.7765751369619
653.9199109350988
644.4201072970649
661.7561058304078
676.2926597159557
646.8329518381589
672.5965083616356
693.1453501566392
667.2875573654334
668.0466854057365
655.0919112865515
721.3460604623033
694.333838607336
633.6481787213586
664.7358435624681
667.5406848106052
683.2481326684306
679.4112299834686
658.7111003465498
702.9732874194854
675.892553698058
657.313570562007
684.5046199923391
657.1664186448913
678.2697162941149
715.2930837515134
653.927834930126
665.8799779633757
706.4303558354268
626.208991937423
686.5381601722969
670.4394923195126
680.8360997102802
638.4662986601732
650.5208098774167
694.3436856766068
631.4231625502341
646.1610263599848
658.7747837302214
671.2272679683862
683.1021755662562
657.8139349896882
653.3239908749981
643.4553941525992
650.2268685674092
679.5465930355032
635.5506830377709
716.2679538784107
678.1115557093174
650.6291870987704
671.0413311163827
687.5487665704727
632.6207116240464
661.7541369610561
707.688488998783
664.6227919731316
695.0573454577813
739.3525302764804
676.3238256255968
688.5220858088844
667.2488399681042
676.6272166487913
634.1768069712205
699.1666490582378
697.2653555562971
694.3100494093061
641.8581047153962
664.1328976911598
652.8083541362843
711.6720612394081
633.04954822326
634.8095794931397
636.2243297637074
687.6756961725196
670.7424842987278
651.607223813163
697.8020582745265
675.1164131069253
687.691581926442
646.4989430155485
676.4630707090205
701.1200177915441
691.659368287994
640.2734524608034
657.1345552107806
677.3759440818693
674.1919930394891
637.6070959785417
653.726344949257
701.0273233540577
649.1746980277128
612.2753497006441
695.1659279994657
652.4325947100797
640.9285091583325
665.7454496031075
689.0319369123398
656.7152932720674
653.2067416183652
632.2074696363521
677.1078418104194
726.615246548812
679.2597654425247
653.9827539967015
652.7313408260222
658.601563935357
690.3200265907154
670.9850578402552
684.8461783340811
687.9845736455231
692.4964466953923
646.0574733851781
669.114035868897
676.1757858173471
625.2753406981694
672.9402283540605
657.6812971826928
637.5396831083609
662.2644648695721
649.5177869859385
698.4023814148034
707.3215716728288
641.893955013032
641.0549903574017
665.5743050560037
698.031633367598
676.8518139806881
681.4173491503223
668.6470884017355
695.4213637193305
662.589505973084
725.2326192001699
673.2189567191399
705.83003093677
654.1048639493573
612.5082325757907
642.9184240742613
645.3558536273482
666.541650449965
635.2296755711285
657.4454955075225
667.3249871790417
659.1650874832528
658.1344575145617
673.1408732300067
625.576328910145
717.8367985548074
647.3636334748664
669.0343090090115
706.269051597697
674.68632674509
633.0843299847332
665.6377741698769
687.2613281399447
726.4720652360986
657.3772305674386
595.1154363731938
689.6247021295136
662.9064790255445
678.6308299943465
676.7483844326754
682.0579860731415
668.8350545372925
679.3625112087768
652.1181254203625
666.7897314833656
663.2047245163309
643.9356678005759
741.6440723663338
623.276263405025
633.7619372016977
647.3809334027026
648.6339155535618
663.5612315066376
677.960816460484
668.2301615825558
636.6407398540556
683.4514993393404
703.8884277316068
696.4220689790628
628.7723507910247
693.9501587153827
658.0747250546153
660.0972618079317
661.9610669229311
715.0872458718516
634.3922650174778
667.1342918076652
708.9126802496413
694.1787659346035
657.67545097313
703.5745987947715
680.4685722353986
611.0578996541717
663.2510405393855
614.0919576718032
645.3279015668495
643.485063414879
711.9445507155685
665.6535898965087
683.8052485494728
668.8474249063087
654.0349202473288
701.2402343463975
672.1780220904946
620.3457282170407
744.9538069151429
677.5246264528763
712.0159605228909
674.3593995912794
673.2551108310441
676.9737068435603
648.1514487799475
674.8025824173294
637.367900582308
714.5807518721953
638.0291758707525
644.5369205218357
716.3027628705036
658.2079725769433
664.6428982924647
653.0321959362428
707.1481860345024
598.625593762918
715.4594813756183
653.1197045363969
651.3223658941578
699.3625748940285
701.4751549756171
656.0982946970155
670.868709026535
701.5994578775084
702.0983382950824
632.9287968900948
675.7894179029089
665.3316306258159
658.8687273167164
658.1084778134434
683.533187932876
709.5443519843317
610.4096067439121
658.1600110369391
628.1758006866796
692.1123369964021
612.0060940177416
660.2622826529499
643.2646100239757
713.2992897629325
624.6812996522525
674.4649777417171
646.4034461614881
624.2523459553605
647.7330495713387
654.7953528562914
690.1207771211357
619.7622520917046
654.9613350829826
699.2186538951057
651.7193682279192
671.4227470955799
692.1810994037544
679.4273290662347
649.4136195074652
682.3668551739636
733.7370169524187
671.7375433489708
631.8978993290666
668.1533332399439
678.2984363504706
697.0632344627107
679.5495055882141
694.2589073866857
636.8812312197027
655.500877524241
656.3390405144254
648.2237518508797
666.3826478193678
703.3346463137947
691.6254024803047
592.6382900829959
646.575020324846
672.2054728306018
666.5068590821004
706.5283189979011
662.6022451385809
671.4023391441385
679.3555487927043
663.2164147050395
649.701324710764
661.709957902168
660.765264839537
634.5194084255995
688.9228375832578
686.0872598392897
664.584604641808
670.431579447016
691.4787651452322
647.4818952864147
679.5940693234205
668.0829207612122
726.9762815454721
724.841425820731
650.9235065948973
721.9724897428438
685.949681983474
665.2798581199343
671.7004861616981
699.5277987044248
668.9664116182689
649.2083534240581
647.692122229272
675.4537202573465
650.3842066299248
665.7261277852738
659.559453630566
667.0438088565364
623.7957318169532
663.9203578141743
686.4658180889676
647.0075348252984
618.694311354016
609.4532636054014
700.4302417299695
638.1045462568388
711.7207594263481
683.6894963410998
680.7080319984549
709.0106975692803
677.3021911333949
711.1451977399009
643.2257719653442
655.0277487314283
664.948299020407
627.5546145123079
661.777750491529
604.714247056798
683.5178902653882
692.0062617119213
665.5145634063226
673.4450137193778
667.2390013703247
696.4511678428975
625.0661679872744
749.3979273748381
634.1070455008266
717.653007125976
653.9068089786238
681.4342590953013
653.5790344352129
690.7834143811768
675.0872895208994
635.531885337999
719.3855958142475
647.7658113302487
649.3531454286814
656.7922928671873
670.8489940824372
645.4925036397001
658.4445806982037
639.2997297279726
692.2904601977702
642.7217113750721
695.8989990531425
672.4268540360853
638.4711573170064
698.1476173354991
655.3287188348829
663.5307472524154
714.3082170971063
680.9355890388507
643.958767312885
691.8233880668215
696.347888853915
683.2474337032835
662.4356969976257
675.5805910947173
706.4153750153808
658.3507332623493
706.9185445063287
676.9174262794961
612.8526909499078
700.2492322060655
658.2513363388388
650.9582199808849
709.8607882826549
673.8625630205713
682.5329978789571
652.4197425106478
658.57736327751
696.9442160322277
704.234895275034
632.819957248097
660.6752654365379
668.3326532705271
690.2223748354722
664.0528856521208
661.0893261425034
682.8797453955549
632.0376501461607
657.5657598743659
647.7901570313434
682.6833052432922
696.0812471596462
678.8008878467652
624.5971510961496
627.8017409243387
673.044530835589
686.7732067306274
653.2722887077207
654.6752488642153
689.0723435392407
708.1310396870012
685.2797047985057
648.0048716401244
655.3370245659887
693.9437908851485
601.5962072757953
673.7269960360948
617.16429750259
679.4037742963632
660.6669282961947
695.9347970282796
658.4192830781906
658.0974155424801
674.0233610933295
684.5417967167374
608.0111898823142
676.8593718472446
698.4570502886351
643.3271607365793
616.0349162495934
616.5727552548841
654.612177645278
625.0237984801279
675.8260145412548
626.9921761075595
684.483153421402
679.6466985999467
672.8975319730957
670.7480919204801
630.8560752947252
643.3295138533025
676.2219634958981
686.5477187070464
632.9115084256671
730.4375834282903
705.8919297800699
701.9023558946724
629.0776808942645
712.2808287628943
696.334337870628
637.1047913360201
658.4301774275409
734.9080186063037
665.7887211036236
647.1807228027689
676.7021628981931
626.8789037375967
652.9027221777785
677.534741998697
682.4794526855326
647.5173158853376
690.9431138540672
656.9931980972345
645.5208377103661
709.4430543612108
657.0121184347029
653.7555451837459
668.4437510683622
651.3188175161505
651.55716345148
660.4285433864131
666.5990211425188
718.6253151368979
710.7506817913951
687.4720191409444
677.9318473086756
619.0641082865862
657.0834307071405
714.9828669229983
660.8911501563521
681.5500880405089
633.0277049187808
664.656029660726
685.7629889379185
690.9742910312253
640.6436340917526
697.5545622471656
669.4826708202191
669.0431597916049
692.0780678955728
653.7008889067708
681.8807339310159
687.5013169151125
672.1317942192135
666.3347658056648
626.4164203489961
618.7973834464148
670.8005570740493
703.2675885439553
662.3294472470195
678.9170421937264
692.4164864275924
691.9861893913694
616.1990219041434
659.7611364856837
621.3946601047845
679.8573325300617
650.8345718117737
719.1471456036672
656.3360492151556
618.1503611454855
673.3106020065145
623.7809462542953
619.9929335901713
708.1930789122025
645.4868265493241
654.962206159844
679.350935365954
663.394664982338
699.1758225694606
665.2607090019384
689.9771518123546
742.9170541477713
681.4431383816805
713.940778691227
717.0230011462334
703.0148010240067
671.3432821647259
682.5830483991663
698.4601183222143
682.6886361984259
640.1647030206311
658.6787869607251
654.1226060739476
680.9978777492848
664.1053475680358
664.1782291604744
738.4364387333952
627.5261473960405
648.2275364642792
644.9847452825614
603.9249672879184
710.052254600075
661.3125677820578
677.1710712458579
692.7050746559065
694.1255913975216
649.6229440436516
688.42644826438
649.098194654087
683.7431458117406
718.2393879317502
636.6483845256154
657.883757288869
699.2256570551895
735.9036357437424
701.9405810604143
642.6420675666593
613.8003998166333
680.3248717226054
627.4858183161323
639.267872305071
635.4322831344006
686.4301258114597
681.3145199791666
675.1244745281107
623.1244236196105
645.9463535650152
669.2749462794601
641.2209727207293
661.5449292042355
667.0837527582145
708.0137633828195
678.8418170243838
648.9880406195125
689.2537272179561
655.9132325607426
684.9435478526534
671.5746458041111
679.555201031006
643.5853529397945
687.8663972007126
712.2456358156251
654.5527220372213
685.062162012243
630.1961253143568
637.8217958962707
618.4174646705585
661.8915977842821
647.5479076863315
649.2136104406624
713.792362532951
583.047742835656
711.0409091820269
687.8145563238136
703.3996465442069
737.1546538585887
693.6783352730656
681.6181440801481
631.7677924786101
629.4653159471635
696.0775174215088
674.6104312416053
650.9092751491379
648.644493965741
639.6331353256877
749.9661747357826
643.8348345783996
667.8625471019471
682.9720852673245
693.9502538080998
650.1147296728939
649.4554821645423
690.092382663892
658.3303577551496
712.2917542878636
702.3248762282003
693.9565383616593
647.7466815763872
615.8151772943047
683.2542491292905
642.94097966714
667.2904639992208
645.8390608243353
666.3666077995365
678.7406349786033
680.3828147201375
639.0423677018493
618.0269641633743
664.9045987256738
696.8144016760098
676.0125324148531
659.6301960365208
678.6634689619823
643.3852605897811
674.9619195215706
654.6531126487588
689.1722648391211
617.1324813688362
684.6373121238843
