
6.540157480314961
6.621262458471761
6.3125
6.449915110356536
6.3174061433447095
6.289689034369886
6.362068965517241
6.186241610738255
6.372611464968153
6.408805031446541
6.535303776683087
6.328231292517007
6.280135823429542
6.498287671232877
6.360281195079086
6.524271844660194
6.293924466338259
6.585034013605442
6.212978369384359
6.580310880829016
6.314754098360655
6.047038327526132
5.98330550918197
6.440397350993377
6.0588235294117645
6.22986577181208
6.200342465753424
6.279620853080568
6.008503401360544
6.5909822866344605
6.177740863787376
6.188380281690141
6.255354200988468
6.294019933554817
6.253333333333333
6.060070671378092
6.407470288624788
6.381107491856677
6.433070866141732
6.194585448392555
5.976190476190476
6.165551839464883
6.432258064516129
6.276143790849673
6.326633165829146
6.161616161616162
6.520193861066236
6.173701298701299
6.475548060708263
6.321489001692047
6.135986733001658
6.495114006514658
6.349258649093905
5.96875
5.957894736842105
6.297297297297297
6.2
5.9932203389830505
6.326989619377162
6.207236842105263
6.464396284829721
6.127399650959861
6.323577235772357
6.275167785234899
6.039619651347068
6.039383561643835
6.15780998389694
5.8321799307958475
5.980633802816901
6.371150729335494
6.5813953488372094
6.066901408450704
6.2992
6.347315436241611
6.0353535353535355
6.12
6.205638474295191
6.111692844677138
5.972413793103448
5.892915980230643
6.162393162393163
6.191986644407345
6.1107491856677525
6.101010101010101
5.851590106007067
6.095238095238095
6.1375
6.155913978494624
5.943942133815551
6.341346153846154
6.02280701754386
5.957983193277311
5.991408934707904
6.295221843003413
6.114490161001789
6.277337559429477
6.134959349593496
6.288961038961039
5.8475409836065575
6.190553745928339
6.184514003294893
5.874785591766724
6.141287284144427
5.843416370106762
5.770017035775128
5.928452579034942
6.0466988727858295
6.178060413354531
5.99016393442623
6.358085808580858
6.224165341812401
5.971666666666667
6.101374570446735
6.0442622950819676
6.071803852889667
5.859618717504333
6.0537459283387625
5.947986577181208
5.885470085470086
5.795847750865052
5.757299270072993
5.935875216637782
5.946127946127946
5.947030497592295
6.134206219312603
6.109149277688603
5.6852517985611515
6.288998357963875
5.870805369127517
6.161983471074381
6.210280373831775
5.655594405594406
5.765494137353434
5.881877022653722
6.146507666098808
5.751824817518248
5.969004893964111
5.9769736842105265
6.141955835962145
5.939346811819596
5.951585976627713
5.794745484400657
5.964941569282137
5.824652777777778
5.877966101694915
5.787625418060201
6.0291734197730955
5.675806451612903
6.052969502407705
5.705084745762712
6.082910321489002
5.93312101910828
5.802980132450331
5.758957654723127
6.004934210526316
6.054263565891473
5.724876441515651
5.883720930232558
5.768965517241379
5.885433715220949
5.790660225442834
5.449905482041588
5.78
5.606060606060606
6.006504065040651
5.957166392092257
5.7473867595818815
5.695187165775401
5.797319932998325
5.669505962521295
5.959807073954984
6.077901430842608
5.855902777777778
5.850819672131148
5.755267423014587
5.8508914100486225
5.687290969899665
5.886699507389163
6.003338898163606
5.832752613240418
6.018425460636516
5.891849529780564
5.797752808988764
5.826158940397351
5.941077441077441
6.042483660130719
5.590443686006826
5.949386503067485
5.902192242833053
5.625
5.752525252525253
5.815126050420168
5.866444073455759
6.00978792822186
5.802426343154246
5.7272727272727275
5.822950819672132
5.699831365935919
5.710097719869707
5.85172981878089
5.857835218093699
5.767946577629382
5.8076923076923075
5.54679802955665
5.934010152284264
5.782679738562091
5.815181518151816
5.7534246575342465
5.797752808988764
5.870860927152318
5.762798634812286
5.666666666666667
5.70216306156406
5.643478260869565
5.7227891156462585
5.908346972176759
5.622516556291391
5.577123050259965
5.865
5.634740259740259
5.690966719492868
5.8125
5.5971978984238175
5.489830508474577
5.884745762711864
5.806397306397306
5.578483245149912
5.648370497427101
5.817886178861789
5.709062003179651
5.529886914378029
5.789902280130293
5.840336134453781
5.446735395189004
5.768313458262351
5.756880733944954
5.723076923076923
5.932038834951456
5.812101910828026
5.48758865248227
5.6632302405498285
5.950980392156863
5.710296684118673
5.751666666666667
5.581911262798635
5.791946308724833
5.659432387312187
5.601351351351352
5.752961082910321
5.522998296422487
5.828333333333333
5.482701812191104
5.845410628019324
5.675302245250432
5.570434782608696
5.900787401574803
5.652823920265781
5.6923076923076925
5.903937007874016
5.158163265306122
5.645438898450947
5.731147540983606
5.694719471947194
5.804523424878837
5.985714285714286
5.834215167548501
5.571678321678322
6.001686340640809
5.64
5.578512396694215
5.511864406779661
5.563573883161512
5.696095076400679
5.649746192893401
5.716442953020135
5.536585365853658
5.768253968253968
5.761220825852782
5.688663282571912
5.557858376511226
5.538842975206611
5.728706624605678
5.668367346938775
5.799336650082918
5.497391304347826
5.6618589743589745
5.519524617996605
5.616838487972508
5.549828178694158
5.5905383360522025
5.578947368421052
5.507413509060956
5.469491525423729
5.660626029654036
5.652317880794702
5.505942275042445
5.659898477157361
5.848966613672496
5.808752025931929
5.648083623693379
5.640449438202247
5.430668841761827
5.473515248796148
5.48099173553719
5.73462783171521
5.609060402684563
5.508278145695364
5.334476843910807
5.330985915492958
5.387096774193548
5.757328990228013
5.576606260296541
5.261562998405104
5.460236886632826
5.959390862944162
5.482993197278912
5.596581196581196
5.363636363636363
5.502664298401421
5.355871886120997
5.606896551724138
5.558028616852146
5.332746478873239
5.420869565217392
5.533333333333333
5.531409168081494
5.578397212543554
5.566666666666666
5.427586206896552
5.54885993485342
5.549679487179487
5.563218390804598
5.856175972927242
5.413153456998313
5.5790349417637275
5.354671280276817
5.693979933110368
5.404006677796327
5.675409836065573
5.575250836120401
5.520338983050848
5.618881118881119
5.257142857142857
5.581666666666667
5.833870967741936
5.33781512605042
5.561461794019934
5.497470489038786
5.454697986577181
5.455696202531645
5.765853658536585
5.615384615384615
5.574137931034483
5.474036850921273
5.473509933774834
5.509499136442142
5.481788079470198
5.754180602006689
5.5383360522022835
5.493805309734514
5.67430441898527
5.421328671328672
5.407849829351536
5.476027397260274
5.355481727574751
5.492359932088285
5.715686274509804
5.276271186440678
5.814449917898194
5.546511627906977
5.669341894060995
5.965853658536585
5.587275693311582
5.6017241379310345
5.493377483443709
5.73462783171521
5.791869918699187
5.5588235294117645
5.4974093264248705
5.409807355516637
5.320469798657718
5.383986928104576
5.60556464811784
5.448275862068965
5.296740994854202
5.592844974446337
5.665584415584416
5.693181818181818
5.533333333333333
5.620748299319728
5.277027027027027
5.378151260504202
5.697933227344992
5.488524590163935
5.733438485804417
5.514834205933682
5.499092558983666
5.39261744966443
5.75
5.7360655737704915
5.555369127516778
5.568106312292358
5.7548076923076925
5.7272727272727275
5.667202572347267
5.386666666666667
5.561101549053356
5.544715447154472
5.9116719242902205
5.744749596122778
5.680194805194805
5.472361809045226
5.514431239388794
5.60327868852459
5.7698675496688745
5.383211678832117
5.744479495268139
5.6583747927031505
5.7135761589403975
5.658031088082901
5.411032028469751
5.638801261829653
5.377586206896551
5.651877133105802
5.6688
5.7421875
5.383275261324042
5.299319727891157
5.323636363636363
5.477815699658703
5.657980456026059
5.675453047775948
5.567796610169491
5.61128526645768
5.609195402298851
5.859375
5.834448160535117
5.502479338842975
5.656028368794326
5.553448275862069
5.430555555555555
5.459044368600683
5.524054982817869
5.718120805369128
5.3957307060755335
5.4373897707231045
5.394415357766143
5.792294807370184
5.738437001594896
5.434634974533107
5.4463373083475295
5.553090332805072
5.509121061359867
5.461912479740681
5.749174917491749
5.477198697068404
5.7868589743589745
5.743718592964824
5.601307189542483
5.5584843492586495
5.607615894039735
5.698466780238501
5.6578125
5.253032928942807
5.5520661157024795
5.8023255813953485
5.391915641476274
5.520833333333333
5.6294498381877025
5.266323024054983
5.628058727569331
5.561576354679803
5.307443365695793
5.534453781512605
5.407224958949097
5.5889261744966445
5.576923076923077
5.592948717948718
5.6292682926829265
5.379310344827586
5.496644295302014
5.544991511035653
5.392086330935252
5.810543657331137
5.506849315068493
5.509306260575296
5.404220779220779
5.4576271186440675
5.650974025974026
5.743670886075949
5.502415458937198
5.579365079365079
5.715736040609137
5.519672131147541
5.514049586776859
5.66890756302521
5.494176372712146
5.583756345177665
5.426910299003322
5.559618441971383
5.3979591836734695
5.494949494949495
5.32994923857868
5.4935064935064934
5.398998330550918
5.4548551959114135
5.2781456953642385
5.5608108108108105
5.751515151515152
5.637417218543046
5.78023598820059
5.828150572831424
5.519097222222222
5.6072013093289685
5.509369676320272
5.572679509632224
5.419141914191419
5.62046204620462
5.751633986928105
5.6269592476489025
5.616822429906542
5.415517241379311
5.638513513513513
5.5688524590163935
5.415807560137457
5.860896445131376
5.289115646258503
5.5017006802721085
5.3969335604770015
5.838983050847458
5.512479201331115
5.476112026359143
5.5174050632911396
5.517298187808896
5.533333333333333
5.739967897271268
5.538205980066445
5.542087542087542
5.579216354344123
5.305982905982906
5.916006339144215
5.628389154704944
5.54228855721393
5.645655877342419
5.403010033444816
5.620689655172414
5.423986486486487
5.401960784313726
5.75077399380805
5.37983193277311
5.621533442088091
5.501661129568106
5.561461794019934
5.427378964941569
5.719806763285024
5.309568480300188
5.8
5.957413249211356
5.548986486486487
5.492173913043478
5.5756013745704465
5.584615384615384
5.529126213592233
5.653399668325042
5.290155440414508
5.4214162348877375
5.643449419568823
5.5905383360522025
5.808333333333334
5.4661921708185055
5.503246753246753
5.4693200663349915
5.5423728813559325
5.609507640067911
5.504918032786885
5.537437603993345
5.49820788530466
5.720268006700167
5.555183946488294
5.3022452504317785
5.470796460176991
5.547107438016529
5.450244698205546
5.63801652892562
5.68284789644013
5.6219312602291325
5.760907504363002
5.558974358974359
5.831385642737897
5.452006980802793
5.696969696969697
5.776545166402536
5.599667774086379
5.250936329588015
5.369817578772802
5.559210526315789
5.61864406779661
5.493848857644991
5.782094594594595
5.585924713584288
5.440476190476191
5.503333333333333
5.5647840531561465
5.585365853658536
5.483108108108108
5.546247818499127
5.374576271186441
5.887070376432079
5.441033925686591
5.678694158075602
5.834170854271357
5.595744680851064
5.320469798657718
5.580698835274543
5.883495145631068
5.69496855345912
5.559726962457338
5.538211382113821
5.471061093247588
5.481717011128776
5.671074380165289
5.577192982456141
5.628378378378378
5.305882352941176
5.55050505050505
5.754125412541254
5.679611650485437
5.84516129032258
5.646655231560892
5.769105691056911
5.654237288135593
5.801694915254237
5.429519071310116
5.431208053691275
5.725203252032521
5.529032258064516
5.407783417935702
5.495784148397976
5.737623762376238
5.662691652470188
5.594827586206897
5.727722772277228
5.894097222222222
5.224381625441696
5.522314049586777
5.577170418006431
5.60374149659864
5.650897226753671
5.661666666666667
5.6964586846543
5.294938917975567
5.663492063492064
5.607615894039735
5.60472972972973
5.483985765124555
5.407986111111111
5.536231884057971
5.5641891891891895
5.660409556313994
5.591525423728814
5.728706624605678
5.659810126582278
5.488054607508532
5.611650485436893
5.638225255972697
5.721417069243156
5.546689303904923
5.502392344497608
5.6957928802588995
5.861685214626391
5.565723793677205
5.636070853462158
5.815533980582524
5.4007029876977155
5.858306188925082
5.626427406199022
5.355123674911661
5.5317324185248715
5.612179487179487
5.757624398073836
5.304492512479201
5.477987421383648
5.554421768707483
5.419834710743801
5.583904109589041
5.406666666666666
5.470899470899471
5.323529411764706
5.615652173913044
5.47557003257329
5.742811501597444
5.756451612903226
5.331666666666667
5.542207792207792
5.6124161073825505
5.469491525423729
5.424511545293073
5.627118644067797
5.539735099337748
5.403333333333333
5.377483443708609
5.488255033557047
5.459770114942529
5.515
5.435456110154905
5.353242320819112
5.344262295081967
5.736227045075125
5.447098976109215
5.265339966832504
5.632
5.698979591836735
5.513866231647635
5.4743150684931505
5.4526315789473685
5.6138147566719
5.565295169946332
5.535234899328859
5.9
5.580128205128205
5.374125874125874
5.563884156729131
5.779661016949152
5.863275039745628
5.471264367816092
5.588034188034188
5.436026936026936
5.478618421052632
5.637417218543046
5.645695364238411
5.766169154228856
5.65008576329331
5.464630225080386
5.518581081081081
5.499170812603649
5.51328903654485
5.639802631578948
5.487847222222222
5.693356047700171
5.271214642262895
5.6808846761453395
5.469072164948454
5.490401396160559
5.353719008264463
5.276381909547739
5.759729272419627
5.829457364341085
5.54228855721393
5.671875
5.5542763157894735
5.711304347826087
5.586709886547812
5.752864157119476
5.391304347826087
5.747008547008547
5.625412541254126
5.234323432343234
5.742496050552923
5.691780821917808
5.530405405405405
5.2478184991273995
5.623333333333333
5.7104430379746836
5.350758853288364
5.604340567612688
5.4605954465849385
5.666666666666667
5.629746835443038
5.6768402154398565
5.818181818181818
5.542955326460481
5.550986842105263
5.6694078947368425
5.5816993464052285
5.530017152658662
5.709183673469388
5.4393162393162395
5.375
5.656765676567657
5.780730897009967
5.499168053244592
5.396057347670251
5.532534246575342
5.558983666061706
5.442273534635879
5.576068376068376
5.548123980424143
5.6742671009771986
5.4258289703315885
5.688442211055277
5.422003284072249
5.676567656765677
5.389365351629502
5.57975986277873
5.689303904923599
5.353719008264463
5.263431542461006
5.987381703470032
5.511864406779661
5.585406301824213
5.5756013745704465
5.309440559440559
5.651612903225806
5.628813559322034
5.797872340425532
5.851851851851852
5.744186046511628
5.455909943714822
5.468697123519458
5.740066225165563
5.491228070175438
5.826666666666667
5.698884758364312
5.741666666666666
5.548275862068966
5.4535073409461665
5.735
5.580204778156997
5.45320197044335
5.365079365079365
5.6021840873634945
5.4
5.333887043189368
5.5834797891036905
5.613126079447323
5.503184713375796
5.445171849427169
5.5361344537815125
5.407470288624788
5.572173913043478
5.6671850699844475
5.879478827361564
5.507640067911715
5.726247987117552
5.475213675213675
5.508445945945946
5.698083067092652
5.769854132901134
5.668820678513732
5.65086887835703
5.990384615384615
5.63556338028169
5.645631067961165
5.6234676007005255
5.48135593220339
5.621621621621622
5.593698175787728
5.654822335025381
5.4835924006908465
5.563897763578275
5.490787269681742
5.449832775919733
5.841567291311755
5.863192182410423
5.498427672955975
5.694017094017094
5.315018315018315
5.6070826306914
5.2938311688311686
5.659127625201939
5.461285008237232
5.78680981595092
5.741463414634146
5.715408805031447
5.487804878048781
5.757118927973199
5.462199312714777
5.768211920529802
5.435980551053484
5.523500810372772
5.823434991974318
5.583756345177665
5.5220228384991845
5.6290598290598295
5.594059405940594
5.421848739495799
5.663366336633663
5.665523156089193
5.990384615384615
5.71585557299843
5.597014925373134
5.694117647058824
5.880952380952381
5.525510204081633
5.966616084977238
5.516722408026756
5.546666666666667
5.530017152658662
5.351758793969849
5.812006319115324
5.628019323671498
5.590301003344481
5.269230769230769
5.411475409836066
5.538714991762768
5.684745762711865
5.5
5.617647058823529
5.5363790186125215
5.531468531468532
5.627483443708609
5.834494773519164
5.60655737704918
5.770247933884297
5.344827586206897
5.6723259762308995
5.632952691680261
5.50251256281407
5.444636678200692
5.75
5.648180242634315
5.7248
5.778966131907309
5.417808219178082
5.468051118210862
5.608547008547008
5.617549668874172
5.489966555183947
5.448873483535529
5.455341506129598
5.776545166402536
5.568627450980392
5.7805280528052805
5.563517915309446
5.579029733959311
5.51618398637138
5.657331136738056
5.904984423676012
5.645502645502646
5.577966101694916
5.813953488372093
5.88673139158576
5.866779089376054
5.473309608540926
5.5210084033613445
5.60033167495854
5.502479338842975
5.721393034825871
5.371929824561404
5.5881326352530545
5.654263565891473
5.550986842105263
5.465266558966074
5.7593856655290105
5.63036303630363
5.498338870431894
5.484502446982056
5.464882943143813
5.746317512274959
5.513468013468014
5.52013422818792
5.739770867430442
5.917445482866044
5.425385934819897
5.425641025641026
5.672609400324149
5.623711340206185
5.252189141856392
5.461139896373057
5.683279742765273
5.449399656946826
5.266666666666667
5.451612903225806
5.555369127516778
5.5281456953642385
5.636672325976231
5.731466227347611
5.76140350877193
5.891373801916933
5.60530679933665
5.381125226860254
5.8171875
5.224381625441696
5.369047619047619
5.586919104991394
5.851419031719533
5.940199335548173
5.587219343696027
5.5927099841521395
5.81198003327787
5.387263339070568
5.512396694214876
5.752079866888519
5.497584541062802
5.724025974025974
5.39622641509434
5.696245733788396
5.611475409836066
5.815660685154976
5.523648648648648
5.635726795096322
5.458477508650519
5.719327731092437
5.512953367875648
5.502446982055465
5.322241681260945
5.4875
5.50251256281407
5.491830065359477
5.390034364261169