
261.28638007864345
265.86376742846517
251.0213129561227
250.0598283913239
257.06369388590974
251.43198835315084
251.39484441262002
254.2736436053047
259.8858159541461
260.100407600359
267.98777564668006
247.35118122245325
250.01440893312875
247.10531869840935
246.47036215414423
275.7213476510827
272.0362349036119
258.1181184216199
258.68195384151903
256.6711829444167
266.28274805467254
244.29091408716317
245.88566892889207
252.11456211646495
246.83361924467323
250.7211359844815
242.1101610128366
268.0832285864847
243.20068814951642
273.4114766401659
253.84233260039414
238.26669177845287
252.1434905301653
260.02854375876495
257.1586326752945
235.91639025241443
244.56143902409153
261.65738466431026
264.26551097791224
240.7946723445069
246.22192625183865
245.13465664834894
261.9672299411214
254.43561147845202
266.8326424600579
248.29107474911885
261.6567919224973
258.38552468859353
265.9725818606274
254.66434205879796
251.80924289464593
267.9260724953248
259.7499342937682
256.95456440760586
236.65463075279345
246.23827730883687
261.8057628913702
250.46023038877019
238.62474079953103
255.0035483384746
265.41917034751
250.26032250029698
267.34580164146786
251.60308964124974
260.98117485403753
235.13141377911398
256.31502133478045
244.99985408473762
235.32580902313475
258.2571841635465
260.03603701349374
249.42797013104254
264.8353061017246
247.92707982090275
250.33595461878608
251.7606803954215
251.3112701753022
242.26336070548595
244.5862576549739
249.20518996526317
251.33583896446913
254.76136208637246
259.1518247338822
252.90256262803297
245.3105991972453