
771.8527028273985
727.2059605340021
717.565558063036
730.0115431754601
728.9448014203037
773.5581419834211
724.2137811868113
796.7347592537868
752.8808834268601
787.0452842167477
731.1730486462659
718.216789642292
740.336042187871
720.8660958473481
715.8699060244618
763.6088926766053
755.4569005562396
723.755868542054
788.8829989263801
676.0882923079567
772.9592177410174
755.4614848699524
786.1925230670079
740.0664351904918
762.2622393445955
757.9855999458297
768.9461213597223
802.272518944583
792.3447013157754
752.4026944254293
784.5152463141478
718.4821927148998
765.9505165135295
759.9790787455115
779.5411326332209
743.9395147969524
709.1662100075775
770.6239536736666
750.4811951977193
774.1301571871606
782.653010987965
742.348354946716
764.5209180381503
752.1379518271735
749.5020051181382
774.9565184970244
773.357546571485
805.8301145104979
736.4743415599236
762.130584153406
785.2137877377164
772.4544380283342
728.1352265807184
820.2195927677528
751.5684058092427
760.0373756493402
809.215138678744
795.6012416205442
717.8260527736377
788.2037508723072
807.0105665011529
754.116914531879
772.4777136438846
759.12640019672
857.8756445848305
750.4693110707092
821.8735331518122
810.5202836462277
773.2544464958346
791.56214483743
733.0965797098077
744.7308592064225
794.4924121232837
771.0387350339919
807.0706714041179
806.6341975103447
776.5119599952837
770.220148606121
795.7030472025239
841.3057417160501
755.1919724162111
808.7039629162199
817.7727379404088
805.5953408941524
773.6772801881151
824.5109977781924
839.406980491055
747.094069621787
750.9482313898853
785.8785382266544
766.6616624082448
808.5895296001652
789.2571198530416
752.4249270928173
736.7289900672979
834.8215012536264
796.8813364597318
815.8498191078648
850.1867626490015
799.0701028527058
813.3439643913107
817.150939840251
848.067536407412
782.1657907169488
821.9687069104381
805.0018783393512
841.287377892478
820.3589853081876
821.3622881081001
757.9852079097493
807.0072833365025
830.650884839332
772.7224276602932
814.0311297415994
770.1312834072078
798.4514948212749
833.9061734254917
824.292153405474
817.7039465868629
830.5791084936661
760.9582562277303
805.4060412187254
830.3240972881046
860.1285881320234
822.8654930583034
839.3816868157485
788.2621613601259
805.337841332928
814.4774045056517
795.0252806354733
844.1846716126668
828.0942329359419
843.1389735209157
860.5358572807434
787.4856987005576
774.5548483909736
855.6277607391664
820.0826417141889
846.3294284148358
880.160358413048
834.1281678636899
847.1504787377078
813.4063041712602
808.8674243820785
817.4275895296589
845.7851934992972
856.244278138967
897.7338374815497
842.9698961256261
846.5632030070562
811.9644186085154
861.588221668348
844.7273542643381
860.8926598582584
819.9935396367185
873.5221315133065
889.6336269465561
899.8916300088865
827.8447341680827
851.3064288606478
875.8760420692815
782.8938107256611
779.5030272494527
854.9418378588825
830.8853372449809
812.2082645811911
821.9311961809411
810.0723604343186
837.2196590091851
846.6014098188327
859.3432208101931
847.1813619227312
814.3367077997688
867.1106268007709
870.0443967997498
851.7511776365316
855.255197950629
833.8027244392848
828.7798209662081
786.712774719353
830.7791157512862
874.3648542309768
850.099751851046
847.4801711089063
819.3551160128042
813.1270233407555
841.881389517002
889.2781398139401
828.9108386061155
884.4508218344688
854.6012839505407
807.6607199303753
832.2601037596523
858.2148364608962
799.7139852098467
804.617050877978
858.8404077191186
858.0889619105344
873.5669369088328
847.2195253082725
858.6783330334349
852.2969574165605
847.8690218650593
882.2743015441234
822.3009460265846
855.8434306061054
861.5422543966586
829.9532014164499
901.635036355014
859.7263028352736
832.8882868779294
857.308361914558
880.1631130327303
801.7432431616901
844.9089926934734
815.8756238589611
862.2249299675987
847.4216625975083
850.1525928229985
898.713858443754
903.6594586605763
816.4935107797527
831.5383599922027
856.9162097651554
847.0551981711517
835.7042369240551
815.1255932481741
825.9373574587505
874.6765787220486
902.3031754576944
892.3109410814732
878.2508851149145
829.1193897488622
855.7915332018962
843.4038151785544
929.4267637878896
829.1360106126136
873.1479277831371
883.1991437180213
839.708173967899
846.1301379794447
858.8690897542363
822.4384611019547
839.1248214611866
869.7453827809917
834.6846733843053
855.3016052641011
870.9897826753331
843.8161067762396
859.9341238049776
856.1704157250604
900.4394171171189
871.2187360776703
835.4694351044378
834.5716848315511
890.5930133869063
870.0785774338416
909.8439266401576
898.2544653988065
901.6030689618232
822.3850983775476
859.1238387811936
868.4473862153284
891.5611216778605
866.9808417199853
816.6549058792657
837.80752013768
823.4928507699817
833.9026008067691
870.3230336329146
871.377488584951
852.9171804824904
842.1421330155521
876.1311015840672
852.8520622782047
960.9700058039646
893.5419820392214
797.4350129585304
866.2964189482524
826.280606934358
897.739074675859
924.3136753115375
848.3338988190071
855.870260275364
850.0669962299822
911.358627926852
850.94558308051
847.5350756701506
853.65087598691
907.0656426954338
892.1793511384983
907.0334365780791
873.9731138994226
881.8519044075316
887.2633953092234
878.4097356977821
859.9479647354785
869.7643516679755
890.5780303125451
837.594844650837
907.9418155541896
891.7583204987152
932.196803897252
900.6576732177451
881.7785927052646
868.7487256155706
908.3529826214123
880.8078692543646
849.2779473418528
884.9820273064564
896.0874694131905
876.1844440209204
948.4879410633836
852.0164547560693
808.4504768651166
875.2495358621478
850.5892863350231
881.7673562056516
841.6280228686128
848.5758133023261
856.6024390414038
930.4042961293475
860.922852955915
854.6253362834901
901.5215952715586
883.2980108144362
848.3944958501315
873.643059669321
856.5363368412378
914.2142543438307
919.4369217402038
893.6758432255385
847.706074231287
878.4109383166054
885.6754117296254
878.2577765413578
870.7098812450613
908.9827725252975
866.8760905882293
883.9242550131632
889.4498616398736
862.7799534288955
831.594017543012
887.4383910089034
899.8642036213256
881.5615120099274
906.3023108574541
876.3449083488024
896.7436261762762
839.4470299588505
875.0573176132835
859.1190368990626
865.0555146752722
888.4409991589728
918.8793894578521
867.4258663418932
907.2223329409719
881.3560670808853
903.8236890363289
822.9550387090039
910.0773242088195
856.5577740058928
882.8525168274391
872.8534050605944
896.9999760748126
870.115586294083
882.9018851009405
894.6427652107055
863.9203633041021
891.1575496979236
896.5091328750821
861.7781531057268
904.8764360901292
850.1870019075737
894.4868679652451
892.6513758519641
892.3903927709422
913.031889150326
873.3866979259546
857.7389433411165
891.3056628849687
934.4644842414849
900.2947567296967
917.521353025284
887.6714002321787
858.4423856827216
895.7883790248895
895.7252004987815
893.0266983017433
856.0715217116506
899.2674483274941
900.5457102960021
913.9886446993347
920.7387707439191
909.7955058289723
856.8065030465856
817.3804582190801
880.8251346229499
884.2775736381291
871.0543057466011
881.0199147387588
888.9244651655499
919.131255725624
954.3561521933849
915.0012822210649
897.1040930784857
856.1229799793952
923.1753715944587
912.7153519945708
913.5172235951543
895.9478395135886
899.6978950901106
893.45005352844
906.4841501887438
883.1315990975224
820.1791135131464
922.9792077095933
892.8335448047388
894.9232692524993
865.418305988995
856.4432437578378
923.4460598601738
886.188661782028
861.1002307225392
901.9185291437
898.9508503359226
877.5953743197864
897.0339039330427
829.8447110080618
878.8832793357248
903.9652719279895
888.6526243963013
880.6282245646432
923.6586192255809
880.5040322608304
907.7184874924276
863.7935570532578
906.1378110449983
829.4702382589218
854.4715470970917
870.4657799598463
886.8635856061761
864.9177337267005
862.6632224770962
915.4510376144783
864.1956438100748
855.4760393145152
871.2568774972478
922.8394361989024
888.8039131380852
869.9598402979507
938.8787192885184
895.0919964339801
928.4454139528916
872.9145171484221
924.7942341090669
895.3997224678424
872.6678027119166
901.6239581572812
910.445104677814
880.7838411376539
860.0618283231327
922.9112903130779
885.3454738113558
896.1557577977152
855.4926214362288
864.3266499728481
930.1579938480274
927.1398951393127
901.2531286134366
903.8756798694394
893.748716925568
939.5772351561403
885.0124506734068
924.2125898671515
887.1220965031376
852.5238324044974
922.928220858655
915.8836629449218
920.4196576218003
899.8037524598983
883.526093588997
841.3231934048159
869.0319565966208
890.8161797547139
866.5070103714963
921.6913054947278
888.4841658796071
926.4662277637123
915.9518916920575
926.3941301926513
952.8323915142546
862.8902927392428
871.7675079967745
897.0617582789273
872.9130330212653
892.1863636643877
876.1978142056141
908.5510858274932
933.7582668050254
894.2121515139727
890.4010260922726
890.7560301514646
916.8200266215883
905.9041668821692
876.1517676921812
928.2449813732383
878.1847363492237
983.6158558743466
884.2243090204386
959.7383280175388
898.7594688679252
868.9484254714049
914.6102001209207
881.9810336140888
844.9181241879456
914.6910940461254
904.8006554168072
892.7688552506203
947.2999679745815
954.0590103111399
877.7906414154143
886.9623490113311
901.7800348750756
884.6859647418327
938.2694007860584
904.0181922182694
897.1252308234613
880.8074162127762
859.114092910788
904.0005155435558
924.673625086563
953.8624896751656
900.6053719414756
889.9841010233611
909.7689264204437
884.4349609616295
882.507979348027
854.8285408125967
886.9556388676465
920.4214963415656
947.3224845224024
907.8585880491817
886.6518811681459
889.0927145255685
846.7002976119262
891.6234593293664
919.6239433999868
939.8257579174445
896.3284774547767
914.1876256741886
907.3612946767304
892.5349763046722
914.1207885628173
891.4462314632437
819.016738623216
872.3348092927151
885.7333788708509
884.981803734798
858.1308043174774
879.0423195749205
886.9846937754221
916.6562149176813
896.5999557683956
889.6409919190567
859.1317727336424
884.471829857187
924.5247953553401
870.469274861606
847.2320352183154
928.9297251533599
908.5496322137085
873.8531615388849
860.9282919122368
896.3253654587195
898.3742408895625
845.1472538464079
881.4790858679429
887.2387922146379
887.9590030493364
852.5192367304351
913.1517750730293
911.2346414891311
892.4251264304372
918.8751804984729
910.0948139788421
838.4823088993229
876.2377481879606
850.8755983499225
859.015680283426
911.5014108808078
910.6727548517256
890.1991881340512
827.0759120702074
916.950041040542
905.8760536917616
877.1113691965826
868.1020974465894
856.2661332635346
904.8544323334994
884.7786041829462
907.4132756047293
897.9298194078567
853.174863547744
872.5426465424529
864.416549480816
906.2739318818169
860.9826131378668
934.75325097682
862.8853403153996
860.832877697448
906.3242946671774
911.1988442969193
895.2032990011843
878.868376144341
919.3983366871902
869.2557476363023
907.834131053219
922.9223790591155
938.729387183425
892.1225362132385
848.0426670364711
892.0341992667061
912.0149658015413
893.9688328779345
865.8358981059048
917.7008617590618
879.2364765161728
854.4386659099706
893.344437358782
861.9753464897063
843.3640109002566
910.1606243124672
896.3482166374681
881.3526734477127
930.1425341315156
888.8379273589728
882.5388268133844
870.8253894997861
873.8387589605143
844.9085195113172
892.6008105217139
820.7563917152131
861.1127815798994
900.4361386061801
915.5068545476315
881.2497140068156
897.6863556204082
869.6100225279218
885.7156747007623
868.2568030416663
939.3622872856706
901.9537880081792
876.4638556428836
847.7004114777408
876.4380288385913
934.9734788430333
885.1465541611682
869.4189387411177
878.1552017718877
919.5071875538131
954.8032826692257
865.922059260279
917.5709168550753
876.4574531422484
926.0835906045995
880.1480629413772
948.5830372196236
917.387690611586
905.6814177959808
889.4686613376729
929.4440640047831
881.5565150098543
871.5857188146756
894.9669011309294
909.5250731817289
873.6854301315776
878.2938938500068
921.5271302741997
925.7459742516314
913.2813431951112
941.8545282158013
887.5517899406188
911.5659855729494
879.0370384012152
903.4189964772786
839.5225225735745
834.5984754596191
845.44260265995
923.5237477556564
899.7354566112386
906.7056428765175
893.4030286526629
931.6169070061
871.4595137532324
897.0173926729467
862.4827033220306
873.6823235177438
914.1569026506102
907.5773397783157
917.1941885185686
885.5636421724366
909.2038258124401
886.6863058532023
886.4108608617793
891.3424707329114
931.0972470479489
871.5177857183787
896.7842529146534
934.9224502017926
924.8938805194502
877.6982158498861
916.0099960328729
890.7814026745015
857.4660867270899
954.5330396336606
839.3658838100924
875.2447344588861
822.9710898524121
941.3713942277625
875.8056608795494
869.6985709888525
860.3724212419238
919.435572262687
915.0316283855379
866.4879628440971
892.2752579784699
931.1171036841773
891.19102591785
893.6733216124542
875.6466822789077
863.9259998857182
927.3359554460334
887.7258366669206
913.9049224313369
902.127137935258
893.6278074125934
870.9368627677902
865.876699808676
917.4263702909309
934.4487650278668
869.1980870639818
855.175790436572
928.286272240773
918.4067057303088
855.4383470515207
922.5164900868664
895.8787077909468
936.722512447211
899.1040662116542
823.3266966468339
898.966104067121
890.4571014027699
914.5178895252013
847.6878103517749
881.7355981960627
928.21614880254
935.4680210315473
868.2976149068802
899.728668453896
877.8500387139984
897.1474269584745
923.5429898782406
914.0923919781108
873.5155630474588
855.0553481287985
866.8775935881362
937.2833373543442
825.5701514888087
895.3806327029295
868.5372984754564
902.0042129903907
910.9829767555462
908.6457777611053
889.6896120160391
866.4282802102558
887.437436807833
898.4252890976435
891.977053261477
891.6119862462263
904.072235621565
842.8003108070661
869.1189058552023
825.3356228564699
854.4388444533379
875.5338166224486
908.5403765055058
913.1793674710977
879.4508758082357
892.2853838841177
914.3533035497894
898.5364946426614
901.161008811604
886.5702911344517
878.7739007904568
926.7135003347814
893.5466707849419
900.1036573417881
891.1187275467533
899.8255275949707
876.0471049603187
879.3292198890733
906.7362719707578
877.2482267636897
962.5683064654586
871.409011115464
853.577334975596
801.5946504478945
883.6321280306386
883.4951240255168
946.6432698510256
859.324925123848
795.2183218254688
864.8475762521606
865.0772031827867
936.7717406395311
861.3513174349922
863.6153772556958
920.2064032269478
852.6156323588135
971.1905871112292
860.9627512344363
915.2263955504174
839.4337614699828
864.54672427849
949.9575943613175
930.3622687579822
891.9737958847396
884.509940871686
837.9532762845404
952.2961730266552
866.0433078014463
880.455679217449
891.7186329449685
891.7557147110307
885.3818638959999
925.0525485776452
917.541330669855
908.974066294858
927.3413247388559
887.3619292896344
831.973875203842
915.162077985686
850.3438171744228
890.6678647887377
899.888702137152
895.5683683440432
876.6665027356727
879.3127770029405
926.8436403058682
892.3301255729815
916.3730003468266
822.660917972297
879.4118422801148
960.1393614025161
848.9632498506915
836.5632063094154
895.1858326090949
928.8094734127886
901.5585457776982
911.4107440428318
929.7725888418984
885.7825187145982
923.4210743185204
874.8271004189395
873.3935301827196
873.9192248190178
892.024014184627
936.0216364889875
928.4290149831561
910.5270665945245
886.1322292346758
921.2871221728161
871.2372158156937
918.3527582063022
897.6851240071217
906.8536693553385
859.1432007900981
882.2668094013821
925.0990878509376
888.8140611033581
880.3893045271061
904.8915178645053
862.8848293910972
930.6075362260393
873.5579761630213
908.173454953743
865.2405485676929
917.7492625444432
922.181092198711
935.2004136070091
882.677707917563
926.9376789084461
929.467007738455
910.8957464602265
870.5058403949539
935.7928410533943
845.4877022507453
899.7615124783955
857.0206564335346
891.4934278965123
854.0996137173845
913.2296948369554
891.018751254275
832.5513407729666
855.1539292676925
915.2631781175057
910.6631560013171
871.6342626356752
900.07522400535
847.9355931668921
908.2896359767783
817.8101787464913
899.4826496308548
939.6894694795953
861.0157387011644
908.5633280262728
907.9724509451396
880.2148368412134
857.4170214184048
933.9777320970743
918.3256074142391
897.8151782803634
920.7457984611016
957.557129275513
875.230072086359
889.1929006432605
926.8645928166582
824.052889643328
870.0219223224188
926.1920043549502
893.6282952415883
852.9219693911846
852.052478650938
887.2028966734779
887.6196319857852
931.7814128555108
880.9224852820396
865.5138563433118
871.2018467773675
948.4228921228718
901.5423076398531
937.9595432974207
849.221560808441
898.7192559021265
910.3255636546997
930.1205965176626
893.9329784434146
913.821833736533
895.5585676585324
887.4959593899027
904.7913637751853
925.2033246857675
889.9717808332391
890.0411525401602
911.8739630149081
855.1010063827349
877.6217070749677
883.727591489818
925.4889642807959
882.0821794100182
846.63863854669
894.0386399032401
889.7756397220473
921.5886549942381
871.0345292900129
881.2931898848343
843.0608562485417
917.0188596414853
892.2512278897918
842.151139443977
919.642537060747
873.3152189811066
909.7902927202251
867.6034056047831
864.1632048766209
883.5842944338943
874.0284124893822
936.9740088595663
868.1030457874665
874.5144607937802
900.8194165813786
885.369469037753
936.0491417811379
907.2652018613028
889.0080312518425
860.867513543381
891.2241480020842
885.1365339345808
886.8854653246515
850.8249286845354
877.6370593450753
880.8843781351301
872.5789116570286
931.1273027767232
890.3875782819277
965.5219269663106
894.9366653921883
919.2544796214036
882.6672251448701