
6.398989898989899
6.198934280639431
6.472
6.345840130505709
6.533661740558292
6.4189655172413795
6.413570274636511
6.198594024604569
6.623960066555741
6.289377289377289
6.43492586490939
6.636363636363637
6.575277337559429
6.342281879194631
6.348726114649682
6.3447154471544716
6.7725856697819315
6.625623960066556
6.272131147540984
6.217741935483871
6.441025641025641
6.3311688311688314
6.381703470031546
6.581993569131833
6.196308724832215
6.508885298869144
6.366013071895424
6.284452296819788
6.064685314685315
6.295847750865052
6.286624203821656
6.527272727272727
6.396468699839486
6.187931034482759
6.108108108108108
6.207357859531773
6.201652892561984
6.188963210702341
6.567961165048544
6.35108153078203
6.323529411764706
6.232876712328767
6.134868421052632
6.146103896103896
6.090252707581228
6.37012987012987
6.462035541195476
6.220890410958904
6.254098360655738
6.169154228855722
6.189144736842105
6.571428571428571
6.170247933884298
6.081174438687392
6.08153078202995
6.302564102564102
6.262458471760797
6.212765957446808
6.415254237288136
6.35499207606973
6.20873786407767
5.840989399293286
5.954391891891892
5.921404682274248
6.1
6.342192691029901
6.168067226890757
5.922558922558922
5.911764705882353
6.02741935483871
6.190800681431005
6.128161888701518
6.093378607809847
6.122383252818035
6.381729200652528
6.1804043545878695
6.079584775086505
6.163851351351352
6.192953020134228
6.022887323943662
5.991496598639456
5.7465753424657535
6.083892617449664
5.933333333333334
5.933110367892977
6.158432708688245
6.026666666666666
6.2333901192504255
5.899328859060403
6.042444821731749
6.126279863481229
6.090753424657534
6.065217391304348
5.843959731543624
6.153344208809135
5.996699669966997
5.846956521739131
6.184
6.173622704507513
5.960817717206133
6.115131578947368
6.029159519725558
5.986531986531986
5.943333333333333
5.966722129783694
6.114942528735632
6.208809135399674
6.059440559440559
5.965573770491804
5.926829268292683
6.169657422512235
5.954621848739496
6.084552845528456
6.00495867768595
5.993091537132988
6.069023569023569
5.9523809523809526
5.918228279386712
6.150974025974026
5.8307426597582035
6.063492063492063
5.94949494949495
6.448757763975156
5.672384219554031
6.172025723472669
6.079872204472843
5.762063227953411
6.102201257861635
5.871621621621622
5.843103448275862
6.116613418530352
5.8159203980099505
6.017770597738288
5.960591133004926
5.965058236272879
6.0775316455696204
6.125816993464053
5.931707317073171
5.922558922558922
6.168350168350169
5.9634551495016614
5.822495606326889
5.879045996592845
5.858766233766234
5.776490066225166
5.842281879194631
5.783034257748777
6.121835443037975
5.893030794165316
5.8892674616695055
5.792808219178082
5.948717948717949
5.662207357859532
5.853618421052632
5.842532467532467
6.013840830449827
5.9375
5.930194805194805
5.843697478991596
5.6480263157894735
5.710310965630114
6.105015673981192
6.096828046744574
5.980836236933798
5.717105263157895
5.971235194585448
5.962356792144027
5.712121212121212
6.162029459901801
6.053140096618358
5.966019417475728
5.879194630872483
6.014128728414443
6.36
5.6993355481727574
5.8429752066115705
5.634948096885813
6.105263157894737
5.844006568144499
6.097637795275591
5.848958333333333
5.747088186356073
5.578207381370826
5.780775716694772
6.080459770114943
6.251623376623376
5.927609427609427
6.036585365853658
5.731543624161074
6.004838709677419
5.965573770491804
5.985
5.790969899665551
5.770903010033445
6.375404530744337
5.872113676731794
5.9375
5.833607907742999
5.648695652173913
5.704890387858347
5.740549828178694
5.776649746192893
5.888333333333334
5.9936
5.7789291882556135
5.963815789473684
5.898222940226171
5.571428571428571
5.838260869565217
5.853088480801335
5.7194719471947195
5.895934959349593
5.506065857885615
5.762711864406779
5.692967409948542
5.978930307941654
5.815789473684211
5.845238095238095
5.909952606635071
5.747855917667239
5.813838550247117
5.6416382252559725
5.859038142620232
5.8347107438016526
5.7552
5.596375617792422
5.828046744574291
5.657762938230384
5.582278481012659
5.649395509499136
5.9526143790849675
5.8583617747440275
5.707357859531773
5.745762711864407
6.070866141732283
5.841105354058722
5.876712328767123
5.623140495867768
5.659270998415214
5.840836012861736
5.612903225806452
5.782456140350877
5.777591973244147
5.684654300168634
5.582342954159593
5.70811744386874
5.801418439716312
5.579564489112228
5.717781402936378
5.564724919093851
5.6821963394342765
6.176090468497577
5.633445945945946
5.789655172413793
5.829617834394904
5.792763157894737
5.962479608482871
5.6985172981878085
5.682210708117444
5.8659127625201934
5.404761904761905
5.386623164763458
5.6858108108108105
5.939698492462312
5.483535528596187
5.603715170278638
5.715220949263503
5.591596638655462
5.890016920473773
5.743362831858407
5.850921273031826
5.512152777777778
5.730103806228374
5.646864686468647
5.909810126582278
5.791666666666667
5.571428571428571
5.743718592964824
5.676375404530744
5.634840871021775
5.639741518578353
5.902755267423014
5.42443729903537
5.5473684210526315
5.598967297762479
5.793388429752066
5.623263888888889
5.826923076923077
5.6155202821869485
5.916943521594685
5.397236614853195
5.502504173622705
5.840650406504065
5.447863247863248
5.832792207792208
5.833876221498372
5.8077544426494345
5.489430894308943
5.703645007923931
5.634584013050571
5.567961165048544
5.761006289308176
5.808013355592655
5.565436241610739
5.6
5.711038961038961
5.673913043478261
5.675632911392405
5.335016835016835
5.498281786941581
5.834394904458598
5.4596375617792425
5.714057507987221
5.756177924217463
5.824959481361426
5.413851351351352
5.538338658146965
5.492333901192504
5.4592346089850246
5.331632653061225
5.335604770017036
5.539383561643835
5.605683836589698
5.984
5.538205980066445
5.571672354948806
5.714043993231811
5.653973509933775
5.538211382113821
5.454991816693944
5.5532591414944354
5.590277777777778
5.6900958466453675
5.618811881188119
5.507537688442211
5.3156089193825045
5.570048309178744
5.711111111111111
5.6127946127946124
5.737577639751553
5.734006734006734
5.705787781350482
5.660655737704918
5.575085324232082
5.903785488958991
5.376288659793815
5.4567062818336165
5.606741573033708
5.565830721003135
5.564322469982847
5.539629005059022
5.664948453608248
5.603305785123967
5.800632911392405
5.519642857142857
5.7275693311582385
5.394136807817589
5.667224080267559
5.540372670807454
5.5365448504983386
5.346153846153846
5.521880064829822
5.487644151565074
5.673434856175973
5.661691542288557
5.602787456445993
5.481418918918919
5.430485762144054
5.3713298791019
5.326599326599327
5.465870307167235
5.463247863247863
5.405042016806723
5.644182124789207
5.276595744680851
5.5157728706624605
5.555921052631579
5.498233215547703
5.445945945945946
5.618090452261306
5.767741935483871
5.875
5.550264550264551
5.3719723183391
5.494345718901454
5.646677471636953
5.2802653399668324
5.527491408934708
5.935108153078203
5.394295302013423
5.637110016420361
5.586854460093897
5.437086092715232
5.325383304940375
5.419014084507042
5.586709886547812
5.743500866551127
5.445783132530121
5.866197183098592
5.326599326599327
5.544093178036606
5.688650306748467
5.639072847682119
5.283557046979865
5.67981072555205
5.331649831649831
5.844051446945338
5.6325823223570195
5.79
5.608064516129033
5.613223140495868
5.511986301369863
5.737458193979933
5.502495840266223
5.719387755102041
5.5776614310645725
5.614497528830313
5.6485623003194885
5.739565943238731
5.398290598290599
5.928
5.609507640067911
5.5588235294117645
5.625
5.542009884678748
5.589108910891089
5.651162790697675
5.669950738916256
5.640776699029126
5.532679738562091
5.613945578231292
5.307438016528925
5.5456
5.453947368421052
5.3882352941176475
5.993846153846154
5.480645161290322
5.802385008517888
5.506849315068493
5.319327731092437
5.423344947735192
5.403225806451613
5.447863247863248
5.431666666666667
5.71523178807947
5.283849918433932
5.414876033057851
5.364705882352941
5.059544658493871
5.470899470899471
5.5394045534150615
5.330985915492958
5.542009884678748
5.4546925566343045
5.293005671077505
5.509401709401709
5.646076794657763
5.367972742759796
5.402397260273973
5.421232876712328
5.708943089430894
5.534686971235194
5.631921824104235
5.547770700636943
5.458262350936968
5.562805872756933
5.463541666666667
5.428571428571429
5.4873096446700504
5.308080808080808
5.365553602811951
5.682487725040916
5.777251184834123
5.338652482269503
5.709208400646204
5.491056910569106
5.421052631578948
5.393634840871022
5.818327974276527
5.534090909090909
5.5711974110032365
5.54071661237785
5.678868552412646
5.706730769230769
5.277870216306156
5.363636363636363
5.595879556259905
5.730645161290322
5.613675213675213
5.632996632996633
5.5512605042016805
5.832214765100671
5.658783783783784
5.555555555555555
5.651085141903172
5.761904761904762
5.664983164983165
5.572593800978793
5.317857142857143
5.847402597402597
5.481989708404803
5.497622820919176
5.633070866141733
5.641322314049587
5.619808306709265
6.059113300492611
5.328257191201353
5.461912479740681
5.525040387722132
5.274744027303754
5.439144736842105
5.835504885993485
5.584690553745928
5.208538587848933
5.418367346938775
5.474747474747475
5.308848080133556
5.716917922948074
5.430531732418525
5.737357259380098
5.431472081218274
5.3907056798623065
5.5636363636363635
5.495222929936306
5.457851239669422
5.35
5.35121107266436
5.66884176182708
5.525663716814159
5.803333333333334
5.406354515050167
5.828250401284109
5.4848
5.295373665480427
5.7730263157894735
5.163606010016695
5.701168614357262
5.538983050847458
5.641342756183746
5.466329966329966
5.729200652528548
5.3471337579617835
5.313001605136437
5.627831715210356
5.481989708404803
5.565878378378378
5.3493150684931505
5.7328125
5.5579937304075235
5.747163695299838
5.621621621621622
5.532534246575342
5.276707530647986
5.512195121951219
5.608919382504288
5.511666666666667
5.517605633802817
5.611745513866231
5.589403973509934
5.794952681388013
5.458477508650519
5.417808219178082
5.525974025974026
5.631133671742809
5.691542288557214
5.355400696864112
5.368327402135232
5.66610455311973
5.4170692431562
5.798994974874372
5.7724252491694354
5.401960784313726
5.4523424878836835
5.479381443298969
5.640065146579804
5.334494773519164
5.657331136738056
5.434545454545455
5.671768707482993
5.408771929824561
5.654700854700855
5.7
5.433673469387755
5.335078534031414
5.441901408450704
5.68976897689769
5.489148580968281
5.619808306709265
5.856443719412725
5.486440677966102
5.642857142857143
5.579037800687285
5.5438311688311686
5.281456953642384
5.200348432055749
5.442273534635879
5.455445544554456
5.451313755795981
5.691318327974277
5.200357781753131
5.650927487352445
5.500818330605565
5.307142857142857
5.657980456026059
5.3743676222596966
5.765273311897106
5.469178082191781
5.305785123966942
5.535420098846788
5.482587064676617
5.719081272084805
5.67515923566879
5.198618307426598
5.3980263157894735
5.631751227495909
5.580530973451327
5.5187074829931975
5.424
5.403010033444816
5.757188498402556
5.458620689655173
5.6210191082802545
5.417241379310345
5.5438311688311686
5.582191780821918
5.438423645320197
5.508169934640523
5.412052117263844
5.411764705882353
5.594356261022928
5.490066225165563
5.853781512605042
5.558724832214765
5.361888111888112
5.445945945945946
5.466777408637873
5.392055267702936
5.316695352839931
5.510600706713781
5.421404682274248
5.52013422818792
5.495114006514658
5.425925925925926
5.5049504950495045
5.432203389830509
5.591216216216216
5.751295336787565
5.72986577181208
5.50402576489533
5.4982993197278915
5.142857142857143
5.912576687116564
5.742251223491028
5.608623548922056
5.375862068965517
5.374331550802139
5.324104234527687
5.696629213483146
5.781499202551834
5.409326424870466
5.624595469255663
5.6375404530744335
5.538860103626943
5.698205546492659
5.734660033167496
5.4982993197278915
5.589614740368509
5.807890222984563
5.572164948453608
5.7257240204429305
5.468120805369128
5.386986301369863
5.674457429048414
5.682119205298013
5.435168738898756
5.508885298869144
5.633333333333334
5.606209150326797
5.720967741935484
5.538079470198675
5.652243589743589
5.534246575342466
5.439178515007899
5.658615136876007
5.66554054054054
5.064459930313589
5.779310344827586
5.61
5.52542372881356
5.423758865248227
5.2913117546848385
5.437288135593221
5.3174872665534805
5.666666666666667
5.41726618705036
5.573578595317726
5.5363790186125215
5.433506044905009
5.381270903010034
5.496644295302014
5.571428571428571
5.763636363636364
5.367449664429531
5.49009900990099
5.473229706390328
5.708333333333333
5.469178082191781
5.5212224108658745
5.634408602150538
5.748717948717949
5.522842639593908
5.421602787456446
5.097938144329897
5.461794019933555
5.438448566610456
5.370567375886525
5.572621035058431
5.2868988391376455
5.592654424040067
5.60931899641577
5.79454253611557
5.604852686308492
5.681818181818182
5.357021996615905
5.4191829484902305
5.769110764430577
5.627419354838709
5.748376623376624
5.695867768595042
5.5512605042016805
5.613114754098361
5.3595317725752505
5.617549668874172
5.603993344425957
5.411359724612737
5.789389067524116
5.532283464566929
5.687931034482759
5.6284329563812605
5.5814332247557
5.407732864674868
5.193825042881647
5.702060221870047
5.4
5.6
5.33768352365416
5.601709401709401
5.571666666666666
5.450777202072539
5.560192616372392
5.398625429553265
5.716981132075472
5.789126853377265
5.562604340567613
5.556291390728477
5.504918032786885
5.368782161234991
5.636672325976231
5.42237061769616
5.5210792580101185
5.350083752093802
5.666110183639399
5.766723842195541
5.6341059602649
5.574712643678161
5.478485370051635
5.350936967632027
5.846036585365853
5.393939393939394
5.698492462311558
5.571428571428571
5.616026711185309
5.524475524475524
5.743589743589744
5.518900343642612
5.55614973262032
5.657580919931857
5.461157024793389
5.87386018237082
5.633975481611208
5.677524429967427
5.551369863013699
5.653399668325042
5.440068493150685
5.447236180904523
5.60327868852459
5.316949152542373
5.837920489296636
5.534313725490196
5.844375963020031
5.6520325203252035
5.545751633986928
5.152014652014652
5.523411371237458
5.39304347826087
5.4475043029259895
5.763693270735525
5.451724137931034
5.4573378839590445
5.575409836065574
5.498322147651007
5.562289562289562
5.497545008183306
5.316062176165803
5.491467576791809
5.583333333333333
5.4852686308492205
5.478260869565218
5.653399668325042
5.362126245847176
5.648387096774194
5.615259740259741
5.6138147566719
5.503333333333333
5.52891156462585
5.3431372549019605
5.580031695721078
5.407766990291262
5.535836177474403
5.488095238095238
5.595394736842105
5.453924914675768
5.335106382978723
5.619127516778524
5.729235880398671
5.488294314381271
5.621710526315789
5.383333333333334
5.656946826758148
5.466227347611203
5.671451355661882
5.566068515497553
5.581320450885668
5.364532019704433
5.721417069243156
5.542673107890499
5.4200988467874796
5.491289198606272
5.6015625
5.843295638126009
5.644444444444445
5.529513888888889
5.445017182130584
5.642248722316865
5.651724137931034
5.616129032258065
5.546075085324232
5.3097345132743365
5.564724919093851
5.45
5.530988274706868
5.786069651741293
5.705479452054795
5.872305140961857
5.632013201320132
5.632686084142395
5.5082236842105265
5.432835820895522
5.39554794520548
5.589869281045751
5.57166392092257
5.60126582278481
5.513698630136986
5.698315467075038
5.302521008403361
5.591869918699187
5.518518518518518
5.56140350877193
5.587662337662338
5.433962264150943
5.458928571428571
5.481967213114754
5.711892797319933
5.473504273504274
5.5487179487179485
5.670750382848392
5.60410094637224
5.642740619902121
5.938556067588325
5.515447154471545
5.532554257095159
5.6233108108108105
5.614779874213837
5.562091503267974
5.695
5.5636672325976235
5.3875838926174495
5.394827586206897
5.395585738539898
5.472312703583062
5.4928
5.550541516245487
5.754746835443038
5.5584843492586495
5.348684210526316
5.632090761750405
5.6866666666666665
5.4555921052631575
5.422580645161291
5.545757071547421
5.4239713774597496
5.54485049833887
5.562822719449225
5.504716981132075
5.448275862068965
5.527638190954774
5.66722972972973
5.411276948590381
5.583333333333333
5.830371567043619
5.320819112627986
5.61198738170347
5.405594405594406
5.461538461538462
5.382594417077176
5.71869918699187
5.7947019867549665
5.775862068965517
5.5361344537815125
5.588419405320813
5.493934142114385
5.532399299474606
5.601351351351352
5.462418300653595
5.592082616179002
5.334470989761092
5.669449081803005
5.654237288135593
5.637729549248748
5.64878892733564
5.346153846153846
5.649241146711636
5.4636209813874785
5.744715447154472
5.587301587301587
5.436974789915967
5.707472178060414
5.563758389261745
5.738362760834671
5.599656357388316
5.570502431118315
5.3250825082508255
5.529109589041096
5.597643097643098
5.440570522979398
5.406919275123559
5.525252525252525
5.471794871794872
5.6070826306914
5.434325744308231
5.717391304347826
5.576859504132232
5.599683544303797
5.838111298482294
5.499178981937603
5.873634945397816
5.556280587275693
5.477234401349072
5.443859649122807
5.48448275862069
5.613636363636363
5.665610142630745
5.394148020654045
5.321739130434783
5.776845637583893
5.318181818181818
5.486622073578595
5.592082616179002
5.562101910828026
5.461788617886179
5.761750405186386
5.760797342192691
5.483606557377049
5.5127768313458265
5.568259385665529
5.403747870528109
5.531810766721044
5.77504105090312
5.356550580431177
5.792096219931271
5.414383561643835
5.701188455008489
5.535714285714286
5.213541666666667
5.658496732026144
5.616026711185309
5.421052631578948
5.6046901172529315
5.7560975609756095
5.6644736842105265
5.43
5.685483870967742
5.645502645502646
5.721311475409836
5.823817292006526
5.639802631578948
5.322742474916388
5.672727272727273
5.667721518987341
5.725