
69.0
66.0
84.0
83.0
94.0
69.0
86.0
71.0
97.0
68.0
86.0
98.0
87.0
79.0
76.0
78.0
106.0
96.0
68.0
65.0
74.0
76.0
90.0
97.0
72.0
82.0
84.0
68.0
69.0
62.0
85.0
74.0
91.0
69.0
66.0
60.0
69.0
66.0
96.0
65.0
66.0
70.0
57.0
79.0
46.0
83.0
75.0
66.0
65.0
83.0
68.0
99.0
56.0
54.0
72.0
60.0
78.0
74.0
73.0
73.0
65.0
41.0
54.0
50.0
67.0
72.0
60.0
50.0
47.0
69.0
53.0
64.0
67.0
58.0
87.0
62.0
59.0
54.0
65.0
45.0
51.0
47.0
48.0
44.0
55.0
60.0
60.0
60.0
46.0
52.0
53.0
54.0
58.0
46.0
51.0
59.0
47.0
82.0
64.0
52.0
69.0
51.0
48.0
48.0
57.0
61.0
58.0
60.0
56.0
37.0
61.0
45.0
44.0
65.0
31.0
56.0
35.0
44.0
62.0
44.0
60.0
48.0
71.0
28.0
71.0
65.0
44.0
67.0
50.0
36.0
54.0
40.0
42.0
53.0
44.0
59.0
50.0
43.0
44.0
43.0
52.0
43.0
39.0
47.0
28.0
37.0
48.0
50.0
48.0
44.0
36.0
52.0
26.0
41.0
47.0
28.0
44.0
55.0
24.0
36.0
39.0
69.0
55.0
41.0
44.0
44.0
43.0
46.0
49.0
51.0
39.0
37.0
53.0
68.0
36.0
44.0
21.0
47.0
39.0
55.0
56.0
29.0
38.0
32.0
51.0
47.0
37.0
58.0
27.0
47.0
45.0
40.0
31.0
40.0
87.0
43.0
50.0
40.0
34.0
31.0
35.0
41.0
36.0
47.0
29.0
43.0
35.0
28.0
26.0
35.0
38.0
30.0
23.0
38.0
28.0
48.0
48.0
34.0
47.0
26.0
34.0
33.0
45.0
51.0
30.0
24.0
40.0
29.0
22.0
30.0
45.0
35.0
34.0
32.0
42.0
35.0
48.0
26.0
32.0
30.0
39.0
35.0
33.0
23.0
22.0
27.0
36.0
20.0
30.0
34.0
29.0
50.0
32.0
26.0
37.0
33.0
41.0
37.0
24.0
51.0
23.0
23.0
27.0
29.0
26.0
19.0
33.0
27.0
39.0
33.0
37.0
25.0
28.0
38.0
45.0
24.0
21.0
30.0
20.0
29.0
32.0
20.0
30.0
22.0
26.0
28.0
22.0
31.0
22.0
34.0
17.0
22.0
32.0
23.0
30.0
39.0
33.0
23.0
25.0
24.0
28.0
33.0
37.0
19.0
13.0
22.0
32.0
29.0
10.0
25.0
22.0
21.0
26.0
27.0
31.0
19.0
27.0
24.0
24.0
12.0
15.0
29.0
27.0
41.0
26.0
22.0
21.0
32.0
27.0
27.0
27.0
23.0
22.0
25.0
14.0
15.0
24.0
35.0
28.0
36.0
26.0
19.0
20.0
27.0
37.0
21.0
21.0
26.0
38.0
16.0
25.0
19.0
17.0
33.0
13.0
26.0
19.0
19.0
26.0
20.0
20.0
21.0
19.0
26.0
26.0
31.0
12.0
21.0
19.0
21.0
16.0
26.0
18.0
14.0
13.0
20.0
21.0
17.0
16.0
23.0
27.0
27.0
14.0
19.0
15.0
27.0
10.0
18.0
38.0
24.0
16.0
25.0
21.0
13.0
13.0
21.0
16.0
18.0
27.0
11.0
17.0
30.0
28.0
9.0
29.0
19.0
31.0
21.0
35.0
26.0
17.0
27.0
29.0
21.0
34.0
27.0
23.0
17.0
28.0
16.0
39.0
21.0
15.0
33.0
24.0
20.0
16.0
28.0
23.0
28.0
18.0
12.0
22.0
23.0
12.0
27.0
20.0
33.0
20.0
10.0
13.0
8.0
22.0
17.0
27.0
15.0
16.0
16.0
9.0
19.0
14.0
17.0
20.0
19.0
13.0
21.0
35.0
13.0
21.0
17.0
21.0
26.0
20.0
28.0
17.0
26.0
17.0
15.0
13.0
11.0
15.0
25.0
38.0
18.0
29.0
19.0
21.0
22.0
28.0
16.0
23.0
20.0
23.0
43.0
15.0
17.0
21.0
33.0
13.0
29.0
21.0
16.0
30.0
16.0
30.0
15.0
24.0
14.0
18.0
42.0
18.0
29.0
34.0
22.0
28.0
39.0
7.0
13.0
27.0
17.0
25.0
37.0
26.0
11.0
20.0
20.0
12.0
22.0
12.0
23.0
19.0
12.0
27.0
25.0
11.0
12.0
19.0
37.0
21.0
30.0
23.0
30.0
18.0
12.0
31.0
12.0
18.0
17.0
24.0
23.0
30.0
19.0
15.0
29.0
18.0
12.0
11.0
36.0
21.0
39.0
24.0
19.0
6.0
20.0
25.0
15.0
15.0
32.0
25.0
27.0
28.0
19.0
23.0
25.0
24.0
18.0
10.0
18.0
15.0
25.0
28.0
18.0
25.0
17.0
23.0
12.0
22.0
17.0
28.0
19.0
20.0
31.0
23.0
16.0
24.0
38.0
15.0
27.0
26.0
20.0
22.0
27.0
20.0
17.0
10.0
17.0
16.0
19.0
23.0
8.0
16.0
24.0
8.0
25.0
13.0
23.0
14.0
27.0
23.0
23.0
30.0
27.0
20.0
20.0
21.0
19.0
11.0
20.0
14.0
23.0
22.0
19.0
17.0
16.0
26.0
21.0
19.0
8.0
20.0
15.0
22.0
25.0
25.0
17.0
14.0
18.0
18.0
15.0
17.0
16.0
14.0
22.0
18.0
15.0
23.0
22.0
28.0
18.0
17.0
17.0
5.0
28.0
26.0
22.0
15.0
15.0
9.0
34.0
25.0
10.0
17.0
24.0
16.0
24.0
18.0
13.0
19.0
29.0
21.0
17.0
17.0
17.0
25.0
32.0
20.0
21.0
18.0
22.0
17.0
17.0
17.0
23.0
20.0
36.0
24.0
15.0
21.0
13.0
15.0
14.0
11.0
18.0
13.0
20.0
14.0
19.0
24.0
17.0
13.0
16.0
23.0
16.0
13.0
19.0
15.0
34.0
20.0
17.0
19.0
21.0
15.0
14.0
8.0
17.0
15.0
16.0
19.0
13.0
12.0
23.0
29.0
24.0
29.0
14.0
18.0
30.0
21.0
24.0
29.0
19.0
24.0
25.0
23.0
22.0
18.0
24.0
22.0
25.0
18.0
19.0
18.0
10.0
27.0
12.0
16.0
12.0
28.0
29.0
24.0
26.0
19.0
16.0
34.0
20.0
20.0
16.0
11.0
22.0
14.0
17.0
16.0
33.0
24.0
20.0
15.0
16.0
19.0
30.0
13.0
25.0
20.0
21.0
19.0
29.0
13.0
11.0
21.0
17.0
29.0
19.0
20.0
16.0
25.0
17.0
14.0
29.0
16.0
25.0
16.0
44.0
24.0
19.0
9.0
24.0
10.0
22.0
41.0
15.0
16.0
14.0
16.0
21.0
16.0
6.0
23.0
19.0
19.0
16.0
24.0
20.0
26.0
14.0
32.0
17.0
16.0
11.0
29.0
21.0
20.0
16.0
16.0
13.0
17.0
28.0
29.0
11.0
24.0
16.0
21.0
24.0
28.0
19.0
21.0
12.0
18.0
26.0
20.0
12.0
25.0
33.0
18.0
11.0
20.0
18.0
32.0
24.0
17.0
14.0
24.0
22.0
16.0
33.0
19.0
33.0
24.0
21.0
11.0
20.0
17.0
20.0
21.0
21.0
23.0
20.0
8.0
23.0
21.0
10.0
16.0
10.0
11.0
22.0
31.0
13.0
28.0
22.0
21.0
19.0
30.0
24.0
10.0
18.0
23.0
32.0
26.0
15.0
21.0
15.0
16.0
13.0
12.0
13.0
31.0
27.0
14.0
28.0
24.0
23.0
18.0
17.0
21.0
22.0
22.0
14.0
18.0
16.0
27.0
16.0
23.0
23.0
19.0
26.0
18.0
13.0
17.0
25.0
32.0
27.0
21.0
24.0
15.0
11.0
20.0
13.0
25.0
8.0
16.0
20.0
25.0
19.0
10.0
18.0
16.0
19.0
19.0
12.0
21.0
24.0
27.0
18.0
23.0
9.0
23.0
26.0
17.0
13.0
11.0
13.0
17.0
13.0
22.0
27.0
24.0
26.0
18.0
44.0
23.0
17.0
14.0
16.0
28.0
20.0
24.0
12.0
27.0
20.0
19.0
25.0
19.0
17.0
32.0
25.0
20.0
19.0
22.0
8.0
22.0
28.0
21.0
21.0
16.0
21.0
20.0
12.0
21.0
28.0
18.0
14.0
27.0
26.0
12.0
20.0
24.0
23.0
29.0
22.0
14.0
22.0
27.0
17.0