
261.32892434276334
231.6520556085352
258.9535740903125
259.8687198897995
264.94134659426
252.46042361349265
260.33692628594787
236.287338395017
256.96294347721016
227.13878441882042
259.74262079446186
273.38875637464514
268.5548005270988
255.54781079038884
260.67631915669574
259.34130947901383
276.83681774379477
252.04373471970084
254.33565080907647
261.7787944929578
255.3651927908323
257.07397761804856
259.4532895948564
262.25021133448166
255.0969231301345
259.36513111619075
259.9621970265724
252.85974616022463
233.59699607544272
241.94194361203736
259.7444415228142
266.2415977149636
262.80806348921817
244.8178691002915
250.95975183113123
251.26749655728077
258.26133685975276
251.87014704582347
267.59264723236254
251.42828144540212
251.0320255558814
240.73673093349285
249.24260683237247
250.16658829203053
240.22068548758602
254.91276843092268
269.48148350031124
245.7824676211968
260.03679503687573
255.80067738272587
261.8271984505715
283.56253079520445
257.5757493264648
246.66041434232483
248.23945023388637
247.47880167327668
262.59047626776714
261.6749458289763
245.58750641911038
267.6855771759685
266.5837792215324
228.49212134672615
243.807387085367
252.74413254840815
252.4257766255958
265.1339301168695
257.67667974098265
237.91376959077985
250.19375121353127
255.70822228645935
258.4637801474445
251.7262679700194
237.6354292963901
255.64909764763894
238.89444528988778
267.80501264095705
251.02739161455673
252.9642953409048
253.0606926021898
245.38602403825993
249.59017788653182
242.37031085270633
257.17084633666724
256.93881730847585
239.1876739953516
249.07010335391556
242.5721199099728
256.20631052791344
256.456105024363
257.60601277788686
255.41105117018682
245.6716302375005
249.89372027754607
241.46542066333495
260.4664757297162
246.85353474714708
235.67623623962263
255.4085296976678
252.5693864512604
239.89335894002443
257.129908681396
244.4581566547391
250.45959000222578
255.05344349142834
257.90558084890574
253.74687516332975
266.6862963956517
245.31849375221
245.47928054191007
247.02932220254243
256.65755081898516
251.5080391192411
261.31170415043937
251.5027257836242
246.80972080476403
252.4992400584682
238.97342896799023
248.3962302103302
255.88550003342644
239.31542725758283
267.58182851225183
254.36478070837447
279.20669477826914
238.4639916863777
266.2684610221392
257.10584224216177
247.1200742497249
269.20665671877106
254.29845875939048
249.25910183044817
269.58854111838997
242.23339912491974
259.24524053676157
258.43041109146094
260.60365673124943
265.2860096636566
265.51753548176646
253.92828794838402
248.39474220585493
253.92914411888722
249.2844172994136
237.2671177663061
254.0078444084956
261.8950868910436
256.8169318938971
247.88997964288336
254.9228802013152
264.5584626456747
264.46447634432474
252.08643799655806
247.22951503772725
247.9724936974726
253.1978897666101
256.9970189006218
254.68449965283202
249.84715684649873
242.22589335639722
255.70091033018258
248.6140223164085
248.07888044624548
245.50356010478717
257.19461472946466
253.29869357488627
248.4155100347003
252.84548225279144
249.13558009820616
250.4701127273312
244.27191719030733
266.38614057053746
269.8167578019895
262.2079592804158
256.1011431455364
267.67740147310724
282.3162726608263
252.41236152414527
252.54631883259202
240.8525500792738
263.73987828572905
258.3306527264277
269.1154589061903
243.71353180719885
251.8301775005982
239.86580036439037
249.3529102360961
261.0359420666281
264.80633739436547
252.8566716876714
275.51884559456994
254.33125836807613
260.2470983607459
259.76296112018633
257.6607385883193
252.40945497779043
248.18886023541842
259.8014759781194
239.12468029911275
255.32395048580557
260.74702710841007
235.60704392864073
250.88540004635132
245.61965341295382
248.1416976011712
252.60678382922296
268.71325189412335
240.304482910543
265.44594042677755
258.1241865182661
249.24886147021192
253.94679177626267
254.27030960638407
250.9602398080574
258.89123883837044
246.30407554590974
244.51784721219943
244.9372757321832
265.46540745734336
251.85513258430487
251.26818603558536
264.06225737184093
250.62890437550467
264.13901909982087
243.86912127418026
253.18849634273184
253.71003902393986
263.3775614330459
259.33097925965745
253.60717087826887
252.02068667996932
231.04523210522703
246.83199398085608
258.2626309758865
252.16825028813992
255.21717649418238
243.99780687957255
274.33885042116003
244.1202176377204
253.28393455791633
255.90536130341647
270.2631756111228
260.44960005932523
251.5782249134275
235.5680220010739
245.93522571388635
251.47723455592467
246.20924970870337
241.05254572691075
241.53735117238483
243.70849000423354
247.50430669395618
251.10014145006738
249.474470214339
272.6703588381985
248.93249123311097
249.09461138784937
263.2362574912519
249.51450328102638
263.4486845052348
253.68142011890313
250.4761201813429
256.5003283631851
237.1931576020831
244.82956831554742
255.62695889521115
258.97415965653994
238.18132905201733
266.80772493273355
255.63322897565817
246.72297373652015
252.91874414359836
241.95924914469794
257.59783470159084
248.388652313478
250.92915645992525
245.61073881113958
264.9466487630304
253.8153328393596
244.1666032173503
260.0192221162114
261.6449797071636
253.47230713734726
254.84700993208867
267.73689811539896
259.81734659757194
238.54791032989402
245.05643080601362
258.70736975714357
246.05657899402854
267.7799510207565
235.17172671901926
257.5855077803438
241.2433146659269
250.64548989169447
260.5189603933775
241.43266281417772
260.67572730992276
258.3814726511676
258.30912406017626
255.45947938467535
266.18208826312787
251.50216824944073
254.71731996768366
265.31114946826074
255.51311334687028
252.72018175480844
247.5916436142107
253.1719807605611
265.42184872205087
262.4732402880033
246.0528505992043
244.67520660014407
267.8987499143991
251.27844165896968
267.137923158913
261.7491762756837
262.3744829276519
246.17065645869744
256.7428224363185
240.96375713276993
246.34047876803947
244.45413602068908
240.16508655187994
242.98913315951899
245.86513570650519
265.65798294477406
250.2934150072916
250.25917492638442
247.01173861053547
248.75442792122243
258.9341421331602
247.27285059014184
258.39533843760444
243.1953403632504
265.462920590747
253.2137144335183
257.4906755923892
241.16642728399492
263.1689002086076
267.2019338444795
249.06369117303126
267.758465236794
244.42638006365786
265.9411174609392
249.2410224790393
249.2770958963582
266.50406667655295
235.88274118937383
239.49227127754375
257.75512363624557
264.29689662763263
241.8833793832779
240.76424869571747
246.8697618383788
249.50259523921667
264.7187039815788
232.80274536132924
252.78874833876498
254.32649200021768
253.42398841750293
263.02879290590175
247.30010688914712
238.23230679899342
256.77471026979896
247.09496952336062
244.52187007445278
250.05036989144756
241.24386609512962
240.4302691735095
245.79434218074047
236.75249513797425
231.4047894338743
234.24510139464616
239.58068665368393
246.95733369634013
245.93335389739678
234.2927463216633
257.86266927216786
245.27975705286931
234.63251132125401
244.24254312267067
247.3117764490055
261.0432277083134
261.6610303014173
235.19745103648947
237.6731652080761
254.24994397765485
253.7702697221145
242.0927407184929
240.08363923737792
255.55935363565263
235.91606044716474
258.1134016450917
260.2421695276872
249.47443935051632
236.7785594988546
232.45462038364053
250.24641252294523
239.787967078041
243.25274481787898
239.76671718446488
237.8165701965235
250.67941337839824
264.6727233412636
246.23083098102902
236.1322500327126
259.14638523686534
237.96768999651385
257.05747199498114
237.83035765994123
249.07212649501258
250.41170609372716
251.19626197688018
244.9563634289559
254.9141676219543
237.15310356943013
244.14500108400338
234.14735097303523
251.19045715319422
255.0183403607935
245.28529116290534
233.32270456986717
257.05716502591054
240.0232686807682
251.94886840089666
243.8192657903944
244.25234487614657
250.36716255978794
231.28923209981468
248.17015310434198
250.067336922253
247.20318130920532
242.74131591765158
239.93997378348746
259.64514003278225
249.7806270819724
240.99602762864703
276.3456815355923
253.16818648426835
249.8388666876171
239.16748317193014
243.56719625159934
221.84183068630756
250.22938259397242
233.5433053854967
240.04184800658436
247.17656994366536
243.52413710877426
240.28458268845702
233.93534546783403
220.91211602096087
232.3252563853529
230.1430767239777
226.91204563081624
255.7166886815417
253.80172661424484
213.21004261171612
238.49413843029737
246.4224696867494
234.64813578327352
237.90126374931918
239.58165327513206
253.2885742116774
245.82353211552686
254.75869931961583
252.55807189804835
243.98244667423742
252.02536002407982
230.941497527621
219.95318948361705
249.2985275543037
240.51007788512976
237.0769356202686
254.76815611345629
258.58690466496193
234.83417980075214
261.6972947551932
251.24955003938857
250.12032525473646
242.23365024785343
258.1297471180751
253.53172405495633
254.1627160417488
253.6404861615196
248.5800232594582
254.17282346061415
237.8854361202785
237.62225954537553
255.3194856083333
256.9675080770876
236.37228114162218
243.44109058882606
239.6067902011887
253.12404991087277
247.25214271616497
243.68075384901317
247.29648184117553
257.9174402317095
253.2517725351553
249.18324376945128
231.60588990400666
246.36870039485046
232.97336575486878
253.776497941198
248.37870985852655
240.86651391000154
255.16508192568503
261.3209715074619
235.64666414117474
247.74512839342088
246.50029130178473
232.52305730950712
246.59112946917713
250.54475518315581
248.46322681095302
236.13952056607505
228.89201601672917
238.42482926813955
238.30073834555182
249.08787458800762
241.81754092914153
253.13561612432756
236.4841600924723
235.67559137616044
239.68745053999595
256.0549350258801
245.8290684428965
229.0232656425585
234.91423319074488
247.24179515108048
233.25318869269077
247.30606841517994
236.3827120199378
260.4282236842515
248.22922643541702
228.42314168457824
255.853130521896
238.9799178067828
244.08319847750977
248.91271580550784
231.52545335865662
243.75907513062447
252.21144939150167
247.2835352814131
253.31104518135277
244.69148724572065
233.21868569064048
243.55088456385994
238.08832267984843
255.2214833222966
250.04046743547934
250.20544956953844
253.16371355693036
240.07929380697092
231.71669763892518
234.63854375402917
234.46150461609886
235.79742827248077
229.53532838682446
254.29108475584812
245.88784973355382
256.9429031054836
227.4282587450035
236.75952388893538
247.37340849978824
242.34796725258948
251.00976124568643
234.83923686740565
232.84188742582677
251.65339915180144
248.24708328960727
243.54436064882984
243.33275578889766
244.74118315054847
245.19548796725735
233.82017528337374
246.35254577726496
228.42079399571176
238.37344245688874
218.64431150493456
238.68721270009087
234.34168851600512
240.62787417778708
235.57271120087103
233.45585171947783
229.88754154505986
222.87350520975366
251.03631915346983
246.40647580788328
245.5918051255701
249.73867524802796
239.8044886150689
248.71623686221233
236.63163856127113
247.115546737268
239.14228571624426
229.80026805912834
226.03890914178191
246.5093206630047
263.16917769051213
255.23892047795897
221.16748369460487
247.08855395978108
243.04925667594134
221.85340080620844
247.1053959254954
237.9572140813753
258.3166180500966
235.2035958233792
229.3251947626427
244.9947597977786
238.90671865193895
231.43948831865754
253.59694360764738
229.0193252520653
243.3911861171029
254.98902967630616
232.5700372214679
241.84627228723343
248.75114524404177
240.9339775339319
260.3193481511016
235.96325654012003
256.7889347846746
234.48165283268918
244.41559507001267
235.52142077201052
240.69456915419906
249.5858643072388
245.11678887752063
235.3146127280482
229.17987100822546
242.4249406038101
246.39587455983875
245.70809174677447
222.24753158556942
239.927666586955
241.8209994496146
235.64813560625157
233.0120015111539
224.4189661933232
238.0602717428256
243.53151804452804
250.0683972892986
232.3052008248697
246.0772224434088
236.62283865479108
239.73863051245456
240.5760565928128
235.91656637055812
247.12155885495977
242.819902222367
229.5823293666255
276.3347897625541
249.58026993494641
251.20794199624498
232.13589658708324
223.72120496016902
243.4750514696746
247.07345461050514
258.4783975728116
238.59180996674263
245.4196197060844
260.74790879745825
238.74067466148776
246.97025061788153
248.2229134783692
239.56274201829828
237.83907983159173
241.07533608861542
237.49919073426446
246.78611401503827
239.97688678477886
232.3349360482902
245.94601283565117
247.2762324447827
221.28632091233158
251.54200762631112
245.78780405482152
247.37029389143476
256.89048428313106
242.69550800920015
261.7431124887716
229.3096154871524
251.35966924869098
242.0794623470634
244.53485556766708
214.86143865948415
237.02391734155327
245.77878882155863
242.81273095072942
227.1456655962386
227.45895304775985
232.06966497317777
235.20026945931696
255.59928016778426
226.46900160207488
242.47408503016305
237.27659501494614
234.574653933642
238.90828163168763
236.89483023442284
241.62604902910397
274.7327154184797
237.346598477514
244.85992795938196
239.98991369199206
247.87646193096867
239.14556043531942
233.25431675635758
265.24984877995587
243.97623779794384
240.6145520628404
229.6025928359385
219.2094919870937
235.00642060744016
232.23851824043558
226.51751096550828
237.41311641591614
243.78811693189678
245.22095441974415
230.19783519078572
249.53456965310835
235.40269468110546
250.81631617833858
232.71131328950636
224.6658448674571
255.8041251775168
250.08775743144673
246.2064793925665
244.1450315320879
237.8389222384373
244.7054157513462
229.19629025197855
239.9129563280694
240.71918370827152
229.5187295069568
261.4311080908628
257.1611252708839
242.42703541263472
261.24738112093246
244.72037823752635
232.0658833573767
230.05010684772492
252.18678539750917
238.42243830281913
242.55620681678653
243.45197658941953
241.4555239179188
238.772039902564
231.21430761095627
244.10307163804072
233.613605280944
269.94534992255393
247.19217766138772
248.09202603175885
248.39461335417133
253.13576047054457
239.7326980636229
238.2738134699804
239.82686695951878
244.8531101964965
238.8357225737921
247.6246295288444
242.50441974871273
253.04609520580343
255.8331452145555
243.81568294709533
233.6137745448736
276.07025209958204
226.12648120799636
239.68438620266724
243.88371464210923
237.25639185928065
229.74347393226367
253.15093639355396
236.66353286289177
232.39394963899002
240.61574740638827
238.52610958322174
266.0808678886234
236.19895008150138
246.7244223949869
230.27760810720952
239.8292312043959
230.0369010669774
238.54120200024562
249.09663799923345
230.62069246244718
263.16060831533355
246.04003527839436
258.9541533649992
249.74359265698453
235.26726554087404
207.6858781210179
231.77141913499867
222.9147201328065
227.55781672161456
252.87233719751993
231.5551650002902
234.39286531973295
256.64927355673734
232.33802890391107
236.25935326121004
247.30314217987637
227.26250970606458
236.1720451457581
254.36789095395278
231.93627206904588
229.9732817453787
253.01261010201705
236.75904970017828
252.09396144233534
251.8720990746288
244.69771899945553
246.48578117604876
240.91854557363277
237.8626252246216
258.6128939238209
244.0971755056019
242.54641511724935
238.1591597987091
246.41382317541698
232.41169572557587
222.3608816841467
246.06965014204496
246.6425932951257
244.2652815403826
249.60260147477834
230.63921789631036
237.69463660264205
239.65395670919543
250.83841604639377
250.48999063504442
245.83976843861632
244.8818309732009
253.55427443843445
249.77351897460184
244.65751316538172
230.48337867409478
260.8252485436354
255.66208077192883
237.98662724847304
231.17225234162888
229.08210305977695
239.09609468070488
226.04758885749425
246.61770026669257
238.07880959051795
225.8629717337814
243.50366704577928
230.16701231605424
233.1974319643542
245.63749783746138
239.01244136703332
248.1103569189178
249.2104061410886
256.049880031743
242.20201400511564
249.38351125598905
229.33527535742596
244.9129353346268
246.49860519993112
252.49336493021897
231.46554143562025
271.11400767087014
239.6401387904776
244.52928579103144
239.63679453325207
234.825997136617
249.2387777366881
230.05001568752454
224.2771743191193
245.4481976139304
233.5010825761298
237.99872948612355
233.9064549739281
261.81348717636394
253.00413479663985
256.11761524334656
266.8862207180863
246.15934935805618
238.57720454062138
239.75582933838237
255.67131151087906
246.66939840280003
240.87864006529156
234.36474789426455
231.71873719839044
234.39066028473445
228.71865172027924
241.5100679009021
250.4470510337404
215.04045385183719
246.63351552455055
241.35164210255306
236.72857098870514
241.51847496775582
249.2018302797998
240.40146182404402
245.01765881612332
239.74361169373688
226.27676750527948
233.95625187689552
231.7369531042475
255.13500641576752
231.27272769838942
240.39778664148656
240.16672150801242
233.76884103665702
248.4250186805622
248.30963250316364
225.33206808146156
249.0034604312617
214.9784672203653
232.47406267941088
238.7240606670486
255.19144116108018
239.1166752548914
234.5039391383788
229.8183144642822
250.3838418048615
233.1460001677711
233.06706198317175
235.66314920221834
238.84776799402192
236.56912991334144
226.52974025867752
246.87766324359558
235.78148428723665
237.1811454707974
229.7860248661979
225.34207375776205
245.5894313195534
227.05043494303976
253.81101391772057
228.1404662920314
241.52241190098152
250.86217143685826
245.15282843183482
255.23127166747773
233.55909948832686
249.794182109967
237.66183504744558
238.7876730377506
235.90777022398203
249.46688847061287
234.93541220904632
245.06271161668838
234.9081774138496
246.0567507699121
235.59313352157483
246.12281249580056
244.03246929500892
250.6959957150845
238.55089272125218
244.73986016756325
265.16222136463693
246.29729673941364
233.54507253550528
228.72969034547015
238.79878196485052
244.30276121624973
250.0090336566539
227.29530664152048
230.4388562852111
246.9634016896629
221.38759061587947
233.6438254524972
231.45769760215376
252.190098571427
247.67540158261144
253.4206987975653
241.10330942943497
239.3200579063934
233.79990412369065
237.50159815352026
236.94218070821552
240.76878874945683
250.9385854098726
233.26239909564015
241.42630085904656
237.6344671595375
239.33610607050338
238.0102522003155
225.70803160510454
248.26021194853269
237.96312928938954
248.70370575377223
244.43896899915163
252.20366633124817
248.78285021949742
241.08277314114645
250.6208378801278
227.25931205707565
248.5936135089848
247.72827304234133
250.0628454508244
238.4870099869459
245.62463958409725
253.56519777290796
248.9307211509884