
745.363840574353
721.2444813882812
766.0143148869489
754.3503188063835
718.0374074221484
728.8911310368541
756.5824310014178
717.0529375723191
691.8348892027598
678.7837203443227
733.0442071652169
725.6894105577401
759.5899199988617
736.2619436128513
792.4106351919668
762.4950839635867
728.059702061673
698.797561981239
780.6238439703477
803.7711772829656
713.8400510814005
771.164980424168
773.3215429284203
725.6209205107862
751.7946154875386
759.9586185947824
748.5033707509758
709.5528747514285
728.7182694843785
740.1183062621783
776.5626872244895
744.5287409173063
744.1621128107093
735.4807595729437
826.3777905236966
779.1526903394131
772.8231815215352
772.3961009345809
722.6449026476129
775.1523736034209
733.6393045776142
741.0546495758505
807.5009569445361
771.6036595493541
744.653288874249
755.5417804496775
766.6604853740487
742.7033730787668
792.3324367907328
735.1101703006036
779.6217664345081
762.7039051409866
802.307434085871
760.0544398985468
765.4098283363534