Avg_Delay
6.343383584589615
6.7674050632911396
6.3008264462809915
6.382154882154882
6.440397350993377
6.515912897822446
6.156583629893238
6.492753623188406
6.6015625
6.682487725040916
6.542461005199307
6.516556291390729
6.538087520259319
6.300168634064081
6.4425675675675675
6.348684210526316
6.265866209262436
6.267379679144385
6.412541254125412
6.3766891891891895
6.362068965517241
6.550632911392405
6.446488294314381
6.331641285956007
6.446843853820598
6.476947535771065
6.351701782820097
6.183870967741935
6.55794701986755
5.938917975567191
6.509466437177281
6.451456310679611
6.4815950920245395
6.572379367720466
6.433962264150943
6.48006379585327
6.412780656303973
6.367241379310345
6.447457627118644
6.491638795986622
6.576862123613312
6.321608040201005
6.246891651865009
6.330645161290323
6.5200668896321075
6.47244094488189
6.365771812080537
6.551666666666667
6.06568144499179
5.992970123022847
6.487684729064039
6.293515358361775
6.663043478260869
6.888349514563107
6.391373801916933
6.422829581993569
6.66288492706645
6.353820598006645
6.341296928327645
6.623548922056385
6.339403973509934
6.215588723051409
6.476027397260274
6.25531914893617
6.183361629881155
6.1490467937608315
6.443507588532884
6.416393442622951
6.6245901639344265
6.361204013377926
6.409475465313029
6.329450915141431
6.388083735909823
6.2462311557788945
6.4212271973466
6.430868167202572
5.993055555555555
6.772012578616352
6.335463258785943
6.311504424778761
6.5264
6.328097731239093
6.2976190476190474
6.28405315614618
6.224683544303797
6.377668308702791
6.176056338028169
6.395424836601308
6.234188034188034
6.1116838487972505
6.375
6.211169284467714
6.4904153354632586
6.072758037225042
6.2973856209150325
6.192982456140351
6.145
6.2344262295081965
6.178631051752921
6.410714285714286
6.381031613976705
5.912186379928316
6.386837881219904
6.339100346020762
5.910743801652893
6.215488215488215
6.274478330658106
6.241796200345423
6.0926573426573425
6.267326732673268
6.408403361344538
6.1986417657045845
6.417582417582418
6.1871750433275565
6.0477031802120145
6.251644736842105
6.4105431309904155
6.398058252427185
6.280788177339901
5.991228070175438
5.984562607204117
6.177924217462932
6.252951096121416
6.033003300330033
6.391891891891892
6.4888178913738015
5.957264957264957
6.208264462809917
6.235701906412478
5.892982456140351
6.227722772277228
6.224283305227656
6.016181229773463
6.305732484076433
6.2883642495784144
6.110743801652893
5.945091514143095
5.9752883031301485
6.158908507223114
6.140439932318105
6.0479452054794525
6.107843137254902
6.0120898100172715
5.906403940886699
6.270868824531516
5.959527824620573
6.171749598715891
6.0704918032786885
5.888888888888889
5.775438596491228
6.27491961414791
5.9411764705882355
6.313099041533547
5.981848184818482
5.9711864406779664
6.156146179401993
5.867003367003367
5.945337620578778
5.825795644891122
6.028428093645485
6.025510204081633
6.072635135135135
6.229903536977492
5.936688311688312
5.990353697749196
5.825581395348837
6.2398753894081
6.024469820554649
5.950596252129472
6.0082236842105265
6.3181049069373945
6.134185303514377
6.108064516129033
5.996587030716723
5.863481228668942
5.98202614379085
6.19344262295082
6.006734006734007
5.828767123287672
6.049206349206349
6.008403361344538
6.121710526315789
6.044515103338632
5.872268907563025
5.915993537964459
6.242622950819672
5.837883959044369
5.920875420875421
6.060975609756097
6.031932773109244
5.881533101045296
5.86026936026936
6.0623973727422005
6.0
6.061461794019934
6.189144736842105
5.955665024630542
6.137815126050421
5.877342419080068
6.142614601018676
6.14827018121911
5.985074626865671
5.911184210526316
5.9101497504159735
6.0
5.859797297297297
6.0049751243781095
5.876288659793815
6.047308319738988
6.182119205298013
6.113673805601318
5.982084690553746
6.29154078549849
5.811475409836065
5.794014084507042
5.912521440823328
6.111292962356792
5.934102141680396
5.759803921568627
5.506711409395973
5.877280265339967
5.926369863013699
6.003430531732419
6.003338898163606
5.927487352445194
5.949664429530201
5.625207296849088
6.146645865834634
6.075040783034257
5.824302134646962
5.689473684210526
5.982698961937716
5.958263772954925
5.788632326820604
5.7894736842105265
5.913621262458472
5.866449511400652
5.824707846410685
5.916805324459235
5.956810631229236
6.011513157894737
6.049319727891157
6.268072289156627
5.955371900826446
6.003257328990228
5.836569579288026
5.855263157894737
5.9183006535947715
6.0604133545310015
5.956239870340356
5.815165876777251
5.992101105845181
5.929292929292929
5.9784172661870505
5.950558213716109
5.981196581196581
6.111290322580645
5.8519736842105265
5.843959731543624
5.625
5.778151260504202
5.883572567783094
5.888168557536467
6.164128595600677
5.7542662116040955
5.860780984719864
6.006622516556291
5.669367909238249
5.485217391304348
5.9838969404186795
5.79222972972973
5.781045751633987
5.706779661016949
5.840130505709625
5.532743362831859
5.549579831932773
5.930533117932149
5.797488226059655
6.043338683788122
5.74468085106383
5.908646003262643
5.828924162257495
5.704918032786885
6.022435897435898
5.8816466552315605
6.057877813504823
5.647469458987784
5.583465818759937
5.940374787052811
5.973478939157566
5.697123519458545
5.649446494464945
5.8270181219110375
5.967897271268058
5.743760399334443
5.796747967479675
5.746192893401015
5.590592334494773
5.538200339558574
5.350413223140496
5.682291666666667
5.73044925124792
5.849514563106796
5.787719298245614
5.685154975530179
5.754180602006689
5.725619834710744
5.511784511784512
5.621478873239437
6.117039586919105
5.993377483443709
5.7241962774957695
5.635087719298245
5.610921501706485
5.700164744645799
5.722129783693844
5.775891341256367
5.782006920415225
5.801963993453355
5.764298093587522
6.031301482701812
6.04375
5.763025210084034
5.897822445561139
5.7095652173913045
5.824915824915825
6.003174603174603
5.54
6.034321372854914
5.873702422145329
5.618968386023295
5.8076923076923075
5.784665579119086
5.901408450704225
5.742718446601942
5.811074918566775
5.603960396039604
5.722602739726027
5.829855537720706
5.6160409556314
5.395622895622895
5.735087719298246
5.618466898954704
5.785349233390119
5.601709401709401
5.752864157119476
5.192644483362522
5.571183533447685
5.803108808290156
5.782679738562091
5.899505766062603
5.688524590163935
5.719063545150502
5.776527331189711
5.633825944170772
5.785256410256411
5.597315436241611
5.819536423841059
5.7687074829931975
5.845669291338583
5.358333333333333
5.717607973421927
5.840753424657534
5.411149825783972
5.630252100840337
5.632302405498282
5.757894736842105
5.9952153110047846
5.867954911433173
5.929032258064516
5.753378378378378
5.7420965058236275
5.5657439446366785
5.716094032549729
5.637606837606838
5.683587140439933
5.881578947368421
5.741042345276873
5.701782820097245
6.0965189873417724
5.715008431703204
5.746967071057193
6.066780821917808
5.942244224422442
5.67109634551495
5.924466338259442
5.772344013490725
5.5663865546218485
5.76
6.044189852700491
5.825783972125436
5.889261744966443
6.277950310559007
5.738175675675675
5.563039723661485
5.953719008264462
6.1203125
5.847079037800687
5.998432601880878
5.8244147157190636
5.764006791171477
5.769491525423729
6.062101910828026
6.218543046357616
5.859649122807017
5.809135399673735
5.898648648648648
5.917369308600337
5.634892086330935
5.840579710144928
6.010084033613445
5.8355704697986575
5.925445705024311
6.016583747927031
5.8701923076923075
5.865284974093265
5.706293706293707
5.840407470288625
6.0891410048622365
5.767006802721088
5.855500821018063
5.973770491803279
5.761578044596913
5.709621993127148
5.9491525423728815
6.048951048951049
5.79344262295082
5.853820598006645
6.055829228243021
6.003164556962025
5.782094594594595
5.821848739495798
5.670668953687821
6.050243111831443
6.075
5.9024793388429755
5.538461538461538
5.909413854351687
5.621087314662273
5.840390879478828
5.763113367174281
6.117338003502627
5.62350936967632
5.652388797364086
5.643356643356643
5.837742504409171
5.831385642737897
5.940418679549114
5.734589041095891
5.743243243243243
5.801020408163265
5.688442211055277
5.794657762938231
6.095008051529791
5.948979591836735
5.73037542662116
6.027397260273973
5.850671140939597
5.873949579831932
6.004761904761905
6.19281045751634
6.060504201680672
6.102643856920684
5.7851099830795265
5.709030100334449
5.934563758389261
5.882747068676717
6.049423393739703
6.094754653130288
5.869205298013245
5.979066022544283
6.122448979591836
5.950596252129472
6.105263157894737
6.123355263157895
6.325542570951586
6.057291666666667
6.184640522875817
6.280063291139241
6.14497528830313
6.098846787479407
6.0664451827242525
6.246353322528363
6.16156462585034
5.925862068965517
6.189542483660131
6.32258064516129
6.623397435897436
6.124595469255663
6.112359550561798
5.996644295302014
6.052380952380952
6.2883642495784144
6.150662251655629
6.341269841269841
6.019966722129784
5.747457627118644
6.05324459234609
6.2157190635451505
5.991379310344827
6.295345104333868
5.785588752196837
6.187096774193549
5.921768707482993
6.310116086235489
6.074013157894737
5.899488926746167
6.166134185303514
6.19551282051282
6.431372549019608
5.894017094017094
6.154605263157895
6.124361158432709
6.148086522462562
6.1477272727272725
6.381761978361669
6.117834394904459
5.969798657718121
5.9801324503311255
6.433587786259542
5.991554054054054
6.239935587761675
6.191201353637902
6.2742759795570695
5.993399339933993
5.927487352445194
6.307565789473684
5.994957983193277
6.090460526315789
5.966722129783694
6.270588235294118
5.943801652892562
6.092198581560283
6.166950596252129
6.304940374787053
6.233226837060703
6.097756410256411
6.2368421052631575
6.144262295081967
6.223154362416107
6.068561872909699
6.118012422360248
6.217948717948718
5.943396226415095
6.374795417348609
6.130148270181219
6.238249594813614
5.9162303664921465
6.362098138747885
5.894017094017094
6.459150326797386
6.2962382445141065
6.221311475409836
5.975328947368421
6.176961602671119
6.295221843003413
6.09710391822828
6.3261231281198
6.008038585209003
6.259868421052632
6.039669421487603
6.269662921348314
5.749174917491749
5.990243902439024
6.1653027823240585
6.008417508417509
5.951473136915078
6.096671949286846
5.784722222222222
6.100671140939597
5.99504132231405
6.1584786053882725
6.273905996758509
6.256692913385827
6.109090909090909
5.851785714285715
6.4057315233785825
5.940878378378378
5.9135593220338984
5.870431893687708
6.047538200339559
6.408094435075886
6.362098138747885
6.222596964586846
6.370497427101201
6.1139896373057
6.348184818481848
6.1490066225165565
6.095798319327731
6.371900826446281
6.052364864864865
6.636503067484663
6.0275735294117645
6.374581939799331
6.177049180327868
6.488372093023256
6.487684729064039
6.30327868852459
6.362862010221465
6.264505119453925
6.38917089678511
6.2419080068143105
6.606741573033708
6.32998324958124
6.234676007005254
6.231155778894473
5.938566552901024
6.168634064080944
6.414910858995138
6.388524590163934
6.367601246105919
6.34295415959253
6.3257328990228014
6.273031825795645
6.153846153846154
6.220338983050848
6.172117039586919
6.470774091627172
6.105090311986864
6.511075949367089
6.208469055374593
6.188429752066115
6.267857142857143
6.260504201680672
6.215559157212318
6.518638573743922
6.159733777038269
6.124789207419899
6.336666666666667
6.353996737357259
6.237774030354132
6.410562180579216
6.158703071672355
6.4504065040650405
5.912396694214876
6.200980392156863
6.289256198347108
6.0142602495543676
6.147707979626485
5.849731663685152
5.896013864818024
6.30820770519263
6.286231884057971
6.302675585284281
6.1976744186046515
6.136206896551724
6.147058823529412
6.3017377567140604
6.6120826709062
6.181034482758621
6.447619047619048
6.106312292358804
6.410214168039539
6.545008183306056
6.257748776508972
6.361067503924647
6.092013888888889
6.475040257648954
6.463210702341137
6.612068965517241
6.675675675675675
6.511700468018721
6.494897959183674
6.066555740432612
6.375806451612903
6.043010752688172
6.258561643835616
6.4557377049180324
6.1767676767676765
6.33605220228385
6.504332755632582
6.164451827242525
6.192109777015437
6.039007092198582
6.235387045813586
6.281456953642384
6.225961538461538
6.237774030354132
6.417491749174918
6.375203915171289
6.154621848739496
6.1687388987566605
6.439024390243903
6.277972027972028
6.063139931740614
6.293333333333333
6.234401349072512
6.214168039538715
6.214776632302406
6.159090909090909
6.250896057347671
6.364975450081833
6.420634920634921
6.507936507936508
6.212171052631579
6.5312
6.099485420240137
5.902214022140221
6.276206322795341
6.092362344582593
6.250411861614498
6.0187074829931975
6.399046104928458
6.44392523364486
6.593698175787728
6.39870340356564
6.244262295081967
6.236111111111111
6.536184210526316
6.448160535117057
6.420127795527157
6.160130718954249
6.194871794871795
6.511437908496732
6.253012048192771
6.224168126094571
6.496835443037975
6.224222585924713
6.421232876712328
6.600614439324117
6.156028368794326
6.546666666666667
6.383304940374787
6.426890756302521
6.260797342192691
6.503300330033003
6.5053435114503815
6.3394342762063225
6.3824959481361425
6.287145242070117
6.447735191637631
6.353322528363047
6.085
6.283216783216783
6.5808
6.43261231281198
6.365625
5.99837925445705
6.478688524590164
6.424092409240924
6.231527093596059
6.392255892255892
6.499202551834131
6.40133779264214
6.380165289256198
6.533222591362127
6.227197346600332
6.223350253807107
6.2114093959731544
6.458684654300169
6.103508771929825
6.213804713804714
6.472929936305732
6.493174061433447
6.277685950413223
6.258389261744966
6.135986733001658
6.126929674099485
6.1827242524916945
6.361525704809287
6.4142614601018675
6.406091370558376
6.226548672566372
6.515548281505728
6.367972742759796
6.25045045045045
6.550955414012739
6.005244755244755
6.275387263339071
6.656050955414012
6.387372013651877
6.430292598967298
6.507293354943274
6.50487012987013
6.079646017699115
6.188811188811189
6.541269841269841
6.329268292682927
6.517421602787456
6.205387205387205
6.183639398998331
6.0993265993265995
6.330065359477124
6.099290780141844
6.269607843137255
6.420972644376899
6.078333333333333
6.049742710120069
6.426731078904992
6.21486268174475
6.330419580419581
6.348184818481848
6.262295081967213
6.296354992076069
6.358752166377816
6.250420168067227
6.259322033898305
6.20873786407767
6.235194585448393
5.9553264604811
6.039184952978056
6.358520900321543
6.264309764309765
6.3730834752981265
6.109756097560975
6.09330985915493
6.178036605657238
6.626043405676127
6.204697986577181
6.469879518072289
6.401612903225806
6.293515358361775
6.238879736408567
6.308641975308642
6.458199356913183
6.033726812816189
6.232993197278912
6.443868739205527
6.507413509060956
6.44336569579288
6.5023547880690735
6.231147540983606
6.431340872374798
6.168717047451669
6.233928571428572
6.587025316455696
6.433993399339934
6.436860068259386
6.260797342192691
6.32437275985663
6.299657534246576
6.279338842975206
6.4704
6.492753623188406
6.422512234910277
6.574468085106383
6.105691056910569
6.396638655462185
6.516640253565769
6.457286432160804
6.254385964912281
6.521880064829822
6.092391304347826
6.555371900826446
6.2657580919931855
6.076785714285714
6.284072249589491
6.532679738562091
6.458265139116203
6.705974842767295
6.328925619834711
6.410891089108911
6.241830065359477
6.205254515599343
6.747491638795987
6.150943396226415
6.379725085910653
6.370247933884298
6.31986531986532
6.513957307060755
6.460767946577629
6.52373417721519
6.097222222222222
6.104575163398692
6.357827476038339
6.177280550774527
6.010452961672474
6.2727272727272725
6.277016742770168
5.949664429530201
5.922185430463577
5.9950576606260295
6.093178036605657
6.005172413793104
6.363939899833055
6.2896
6.201365187713311
6.268376068376068
6.3008264462809915
6.281303602058319
6.175609756097561
6.5594059405940595
6.55448717948718
6.3788927335640135
6.1528662420382165
6.295302013422819
6.445364238410596
6.327332242225859
6.1328671328671325
6.542345276872964
6.485294117647059
6.186125211505922
6.431855500821018
6.042105263157895
6.206597222222222
6.236714975845411
6.128119800332779
6.3569078947368425
6.1433278418451405
6.266881028938907
5.864321608040201
6.269293924466338
6.537459283387622
6.006956521739131
6.240131578947368
6.095238095238095
6.37223974763407
6.177852348993288
6.436187399030695
6.010526315789473
6.4453125
6.032258064516129
6.198664440734557
6.14878892733564
6.164128595600677
6.1745283018867925
6.136065573770492
6.32312404287902
6.0675675675675675
6.341894060995185
6.512578616352202
5.988448844884489
6.131348511383537
6.150501672240803
5.937062937062937
5.848428835489834
6.423135464231355
5.941666666666666
6.195079086115993
6.2
6.070234113712375
6.010489510489511
5.8189806678383125
5.9375
6.3929173693086
6.353225806451613
6.142378559463987
6.121262458471761
6.156199677938808
6.015410958904109
5.971807628524046
6.041308089500861
6.0017543859649125
6.075409836065574
5.795414462081129
6.041390728476821
5.854948805460751
6.163822525597269
5.92436974789916
6.129139072847682
6.032520325203252
5.979966611018364
6.0
6.084297520661157
5.836092715231788
6.110223642172524
5.83609576427256
6.147403685092128
6.196308724832215
6.277685950413223
6.463768115942029
6.4829721362229105
5.949389179755672
6.218181818181818
6.333333333333333
6.4295081967213115
6.095400340715503
6.204819277108434
6.460032626427406
6.29933110367893
6.242276422764228
6.2087542087542085
6.249597423510467
6.277511961722488
6.436026936026936
5.838063439065109
6.234401349072512
6.075409836065574
6.074576271186441
5.982363315696649
6.072847682119205
6.1840796019900495
6.161016949152542
6.005172413793104
6.1843853820598005
6.019130434782609
6.181666666666667
6.205254515599343
5.9019264448336255
6.091973244147157
5.819494584837545
5.940199335548173
6.023294509151414
6.132137030995106
6.00169779286927
6.055363321799308
6.040133779264214
6.032203389830508
6.197158081705151
6.009933774834437