Num_Drop
101
165
108
107
120
112
96
141
143
136
128
111
123
94
113
112
95
109
111
101
110
121
114
112
129
134
116
108
125
84
116
114
141
129
121
128
118
100
123
111
143
111
92
116
126
130
114
121
91
82
115
94
142
150
123
120
121
100
91
133
116
100
123
101
95
100
112
116
142
105
109
114
118
94
109
125
74
154
129
103
131
90
101
94
97
110
90
108
97
94
116
98
130
84
100
86
91
107
107
114
120
67
95
88
81
97
108
92
68
114
100
86
119
92
87
104
120
117
110
73
65
91
96
89
93
118
55
95
90
70
95
92
73
102
82
93
72
91
104
69
80
107
74
56
95
60
93
71
72
63
112
69
98
88
77
95
64
84
52
83
79
79
89
75
87
66
103
84
61
84
89
91
91
78
74
78
104
75
77
87
73
93
92
76
67
98
64
56
88
67
62
74
81
79
74
102
85
91
61
76
92
64
81
76
91
74
79
68
86
95
85
73
106
68
57
70
88
68
60
47
56
67
66
83
58
73
56
85
76
66
48
70
74
53
73
67
73
60
59
58
64
72
103
65
77
74
75
68
78
68
54
81
66
70
78
71
95
66
62
45
57
62
68
70
51
56
73
66
37
76
58
57
51
68
39
42
72
67
70
58
55
53
52
70
47
63
51
52
49
67
46
48
62
63
60
55
66
46
33
22
49
54
65
47
52
56
64
42
52
79
67
44
45
45
62
49
51
46
60
51
73
71
57
65
45
66
68
42
87
56
50
57
44
65
53
49
47
57
49
47
33
61
49
50
41
43
20
38
48
60
56
50
57
46
38
38
46
45
64
61
25
63
47
37
40
39
41
70
64
60
51
41
44
55
37
56
65
57
45
82
56
60
61
60
45
67
67
50
48
60
52
58
81
53
43
75
76
51
75
50
55
49
65
60
43
58
54
42
34
54
67
48
59
60
62
44
47
49
82
47
54
68
53
51
55
58
63
46
70
74
45
40
46
69
60
57
44
59
47
65
33
74
45
47
43
56
54
72
46
42
51
38
38
59
72
45
62
60
60
62
93
60
84
43
43
60
60
62
66
58
68
70
70
80
78
96
51
77
99
68
63
67
71
55
61
80
74
126
69
79
61
70
77
66
91
67
52
63
77
48
90
45
73
49
70
62
59
76
83
80
53
75
65
84
69
86
76
61
71
93
60
79
75
76
56
60
77
66
78
66
86
74
76
70
90
86
69
72
62
67
91
80
82
61
77
64
81
58
90
58
88
92
67
64
62
72
62
68
60
65
59
75
48
58
66
49
46
70
54
60
56
78
68
73
63
49
89
44
45
51
67
77
83
73
76
60
99
57
58
81
65
103
54
76
72
110
85
85
76
72
78
77
104
69
67
73
52
81
89
88
100
77
87
86
76
69
63
104
62
85
70
82
81
64
85
98
66
65
83
105
76
79
58
79
46
77
77
57
49
44
47
73
65
70
67
62
70
79
102
54
91
61
81
86
80
93
47
86
101
100
110
96
87
68
86
67
77
79
71
85
75
66
57
51
74
63
72
67
77
78
66
62
81
68
47
72
60
71
72
56
66
72
76
82
71
89
61
44
81
52
67
56
87
85
97
85
66
65
91
76
82
78
58
86
78
78
89
65
99
109
73
102
83
84
74
105
92
75
73
83
73
77
51
69
98
93
80
57
77
67
79
81
92
81
84
93
63
70
67
82
62
66
83
95
63
73
53
68
63
81
80
82
71
87
84
75
98
59
74
116
83
80
113
91
44
73
90
64
75
66
75
49
73
52
72
85
59
55
72
61
53
69
62
90
59
60
53
69
63
46
59
75
66
69
55
57
80
99
75
95
93
63
74
63
99
61
74
81
87
84
87
70
74
60
63
95
94
93
79
74
79
68
99
86
76
96
71
84
87
73
56
94
58
80
72
56
87
86
82
108
64
71
72
71
89
76
80
77
73
82
91
85
57
66
76
66
44
65
62
66
39
58
69
56
72
70
55
60
74
72
71
98
100
70
76
77
86
73
60
95
85
62
83
40
66
79
60
72
63
67
37
67
86
54
76
66
86
77
88
64
103
55
72
57
60
70
68
81
53
73
94
50
63
74
52
45
89
55
52
67
58
58
34
68
71
75
77
54
64
47
51
53
52
72
42
58
37
59
45
53
61
51
63
63
40
68
43
60
73
72
89
96
58
81
91
84
56
69
92
88
72
69
74
79
86
49
81
64
62
55
62
65
64
43
69
56
58
68
50
59
37
53
62
67
50
49
51
59
67
54