Avg_Energy
30.08846029165199
31.20612816818913
30.45758480860776
30.500873094032805
29.34496046461996
29.79545295557175
27.30493565895055
28.95224404545575
31.400390327977174
30.057589745937413
28.30961719981064
31.665029075896108
29.945929141910447
29.18178732169128
31.311919236103687
29.494408439962292
30.307640229225843
27.252747062211853
30.113755568913763
29.154055156739656
28.932866731998974
32.10321737432332
30.167178858090256
28.4122359158317
29.858879221407488
31.052417668958366
30.200171247397815
30.401240596938816
29.828158929143505
27.396944037673137
28.146116747528414
30.175145017716222
31.202254605008118
29.91201298473044
29.810364848774736
30.061755575756706
28.14578238093718
28.871799299169407
29.107074396564933
29.67622518590798
30.306123248916208
29.38173700518181
27.836700923293023
30.927280766361793
29.525596590127556
31.870648789740564
29.04654915398411
29.213262509080216
29.47050137030839
27.24569502768812
30.22626309520404
29.37066353639903
32.75594165589427
30.907734337332766
30.509872618398294
30.59186999432246
32.37406351821072
29.609186503622936
29.479203919584346
29.23943380291497
28.70712223507393
29.623097575049012
28.72693993274322
26.70371444115252
27.88154305532865
27.17521504053635
28.817961648648133
28.96700291717132
31.07953084144832
30.79288222486349
31.65595430795757
30.375377974873828
31.056612476173235
29.49727991734389
30.079176544505522
31.877098941900364
29.558553497455915
32.93575523563577
29.789839048405174
28.635123018623393
32.25357764140371
30.377111362103353
28.589502165245186
30.588428665511493
31.320357214686066
31.473624148475658
29.662652192957886
31.470840290925935
29.42727274396284
28.712605654875148