Avg_QoE
848.1753778140721
794.3454014311923
844.3168190094133
833.1777440492418
843.7512759770507
818.1155121751873
791.9023815626156
819.5341711820414
840.6442708210827
804.0416417255071
774.940676381788
832.1988684970026
842.7381175687433
856.3272275554012
825.2791456737099
848.8895888978566
845.6828628513092
786.611058335216
848.204382727605
822.8756991911903
800.9807856227128
857.3869076646733
837.5160471936957
829.0916555231906
814.2656207675219
844.5611610579438
847.7514014104954
875.7294565705597
817.0897293440889
851.0744310741715
805.3127662836514
865.5535406959276
896.747185506331
803.3372230052729
802.9546012767644
844.9700319404844
816.4305100035142
816.3556846481491
805.415322820483
836.42017250304
832.3595866769836
840.1927211437487
806.3159055983383
850.7222866965376
796.4402903375557
855.3050176654526
806.8916577526162
802.5372036934541
888.5777995298406
853.4564911611199
848.2839788693749
835.4187301558347
865.3710016640628
766.345693333309
862.8811011715609
854.4975304402533
838.8435829361757
858.9198106817915
841.7716246684201
799.7482911929883
853.1298876404938
856.7599010018794
802.3501137249693
796.615158343018
849.7121237488842
813.3809161365878
818.0132437174294
828.5931874524877
796.2119781183759
849.4882552558205
827.583193164636
841.5713584972103
860.6154680868433
850.4057930192834
845.5737220395462
862.6384294641251
874.1125283162785
806.3237039138763
869.2509713411977
806.9568598332579
872.808240801391
841.5567637994739
834.9187884403669
877.1890165217992
912.5627294971464
854.1713981604222
832.6653530169258
863.2528572361714
855.2216677028409
839.032995792224