6.684121621621622
6.290484140233723
6.349152542372881
6.226415094339623
6.35
6.257377049180328
6.269681742043551
6.03338898163606
6.578703703703703
6.468333333333334
6.175313059033989
6.125429553264605
6.502504173622705
6.590984974958264
6.28881469115192
6.245253164556962
6.261744966442953
6.198347107438017
6.386824324324325
6.371186440677966
6.266781411359725
6.440789473684211
6.645161290322581
6.5
5.945518453427065
6.2912
6.163511187607573
6.189003436426117
6.345659163987138
6.438655462184874
6.326158940397351
6.527960526315789
6.474489795918367
6.1457286432160805
5.90034965034965
6.2212543554006965
6.364365971107544
6.0625
6.291457286432161
6.310457516339869
6.304794520547945
6.3715753424657535
6.327759197324415
6.289608177172061
6.304054054054054
6.474878444084279
6.321895424836601
6.5
6.37953795379538
6.433333333333334
6.085178875638841
6.373983739837398
6.142140468227424
6.1433278418451405
6.674958540630183
6.058519793459553
6.350936967632027
6.395695364238411
6.159609120521172
6.351027397260274
6.246256239600665
6.113074204946996
6.318339100346021
6.153577661431065
6.492487479131887
6.3172757475083055
6.471169686985173
5.981878088962109
6.070796460176991
6.142614601018676
6.295418641390206
6.341021416803954
6.2211690363349135
6.070567986230637
6.394944707740916
6.176570458404075
6.159649122807018
6.323943661971831
6.364500792393027
6.130794701986755
6.155258764607679
6.221269296740995
5.894915254237288
6.517017828200973
6.527156549520766
6.741017964071856
6.037234042553192
6.126297577854671
6.470219435736677
6.231647634584013
6.289389067524116
6.749606299212599
6.350936967632027
6.300955414012739
6.119800332778702
6.459715639810427
6.166965888689408
6.040387722132472
6.042158516020236
6.37248322147651
6.3304347826086955
6.185689948892675
6.2456747404844295
6.369747899159663
6.194492254733219
6.266778523489933
6.357737104825291
6.257425742574258
6.4575471698113205
6.206666666666667
6.193162393162393
6.044198895027624
6.010309278350515
6.410684474123539
6.3552188552188555
6.260596546310832
6.4795417348608835
6.11219512195122
6.185763888888889
6.2571912013536375
6.24247491638796
6.266233766233766
6.140138408304498
6.073504273504273
6.535143769968051
6.238021638330757
6.415064102564102
6.274760383386582
6.173501577287066
5.935314685314685
6.309446254071661
6.298657718120805
6.479406919275124
6.0
6.403877221324717
6.195364238410596
6.059504132231405
6.505582137161085
6.232830820770519
6.124386252045826
6.035958904109589
6.14612676056338
6.061889250814332
6.03156146179402
6.308362369337979
6.300813008130081
6.148211243611584
6.1396933560477
6.6923076923076925
6.58411214953271
6.227722772277228
6.321486268174475
6.3887043189368775
6.2239747634069404
6.175170068027211
6.377675840978593
5.934397163120567
6.328881469115192
6.415692821368948
6.2582236842105265
6.165517241379311
6.033277870216306
6.103565365025467
6.386623164763458
6.111292962356792
6.453642384105961
6.437400950871632
6.139896373056994
6.129194630872483
6.181969949916527
6.299668874172186
6.615136876006441
5.987096774193549
6.3685950413223145
6.339774557165861
6.211055276381909
6.097731239092496
6.32300163132137
6.248796147672552
5.978297161936561
6.384868421052632
6.1993127147766325
6.347386172006745
6.17799352750809
5.907504363001745
6.26948051948052
6.2827938671209544
6.282467532467533
6.323777403035413
6.329581993569132
6.045534150612959
5.88448275862069
6.151919866444073
6.211920529801325
6.100323624595469
6.434146341463415
6.353463587921847
5.96875
6.292436974789916
6.272875816993464
6.4332247557003255
6.288524590163934
5.763345195729538
6.490196078431373
6.575987841945289
6.149200710479573
6.1414634146341465
6.07439446366782
6.118243243243243
6.078152753108348
6.339966832504146
6.08843537414966
6.140138408304498
6.499168053244592
6.211538461538462
6.081174438687392
6.011804384485666
6.017915309446254
6.279187817258883
6.459501557632398
6.52808988764045
6.1964573268921095
6.145516074450085
6.076530612244898
6.018062397372742
6.219903691813804
6.040133779264214
6.441127694859039
6.267241379310345
6.306799336650083
6.073883161512027
6.3207236842105265
6.066037735849057
6.2439024390243905
6.203612479474549
5.991496598639456
6.057291666666667
6.183361629881155
5.90893169877408
6.061511423550088
6.342809364548495
6.114147909967846
6.388625592417061
6.507788161993769
6.069883527454243
6.027826086956522
6.29672131147541
6.420472440944882
6.172881355932203
6.215277777777778
6.048780487804878
6.18284789644013
5.964343598055105
6.2795341098169715
6.145187601957586
6.220367278797997
5.982935153583618
6.0353535353535355
6.1534391534391535
6.0385906040268456
6.381761978361669
6.06301824212272
5.886281588447654
6.174957118353345
6.177474402730375
6.221337579617835
6.041739130434783
6.036974789915966
6.039745627980922
6.253781512605042
5.859712230215828
6.0926243567753
6.244027303754266
6.282312925170068
6.247116968698517
6.1931034482758625
6.029616724738676
5.984070796460177
6.279109589041096
5.962699822380107
6.06070826306914
6.15358361774744
5.998223801065719
6.162679425837321
6.04222972972973
6.3841166936790925
6.1486725663716815
6.068965517241379
6.141479099678457
6.345762711864407
5.84
5.948892674616695
6.046901172529314
6.017331022530329
6.029668411867365
6.43338683788122
5.830508474576271
6.046875
5.917948717948718
5.9358108108108105
6.239130434782608
6.223509933774834
6.351132686084142
6.361525704809287
6.16243654822335
6.242174629324547
6.277777777777778
6.228995057660626
6.047297297297297
6.259380097879283
6.355737704918033
6.347334410339257
6.351219512195122
6.00169779286927
6.129692832764505
6.184210526315789
6.036484245439469
5.9471890971039185
6.121160409556314
6.279878971255673
5.988215488215488
5.84406779661017
5.976351351351352
6.233968804159446
5.798679867986799
6.166112956810632
6.057046979865772
6.139455782312925
6.271132376395534
6.26
6.148829431438127
6.0693240901213175
6.028428093645485
5.8417391304347825
6.23051948051948
6.3216
6.476407914764079
6.326013513513513
5.835978835978836
6.080139372822299
6.1644295302013425
6.560121765601218
6.1851239669421485
6.188311688311688
6.247920133111481
6.141430948419301
6.292644757433489
6.207986688851913
6.014657980456026
5.825932504440497
5.771626297577854
5.883138564273789
6.127551020408164
5.934333958724203
6.008417508417509
5.878354203935599
6.034423407917384
5.863713798977853
6.082910321489002
5.830870279146141
6.020942408376963
6.132911392405063
6.130808950086059
6.215358931552587
6.11973018549747
6.45514950166113
5.844364937388193
6.2564935064935066
6.268217054263566
6.3270547945205475
6.084615384615384
5.873287671232877
6.001605136436597
6.076797385620915
6.098705501618123
6.103678929765886
6.145051194539249
5.920922570016474
5.853832442067736
6.056478405315614
6.03801652892562
6.127868852459017
5.973544973544974
5.9506578947368425
6.1768707482993195
5.815834767641997
6.23583460949464
6.001686340640809
6.0
6.040139616055846
6.371248025276461
6.258373205741627
6.219387755102041
6.266009852216749
5.7677966101694915
6.0112
6.039115646258503
5.904761904761905
5.989915966386555
5.674955595026643
6.1931260229132565
5.951473136915078
6.0152284263959395
6.14
6.107508532423208
5.8133333333333335
5.824212271973466
6.16750418760469
6.188963210702341
6.04054054054054
6.02195945945946
6.249206349206349
6.2290322580645165
5.891752577319588
5.947368421052632
6.237232289950577
5.972602739726027
5.853951890034364
5.7596491228070175
6.025862068965517
6.008130081300813
6.252006420545746
5.971524288107203
5.910891089108911
5.991467576791809
6.091492776886035
5.816291161178509
5.741824440619621
5.869047619047619
6.308186195826646
5.75304347826087
6.1011608623548925
6.041528239202658
6.120200333889817
5.957723577235773
6.183639398998331
5.894179894179894
6.068561872909699
6.003472222222222
5.907742998352553
5.99016393442623
6.136065573770492
6.061016949152543
5.892205638474295
5.825448613376835
6.111492281303602
5.823315118397086
6.202725724020443
5.9119170984455955
6.006756756756757
6.190305206463195
5.9648
5.660714285714286
6.079365079365079
6.0811688311688314
6.210097719869707
6.025295109612141
6.011400651465798
6.122977346278317
6.097402597402597
6.109004739336493
6.181818181818182
6.0
5.8907284768211925
5.682051282051282
5.872193436960276
5.887179487179488
5.850267379679145
6.1835334476843915
6.109523809523809
6.151515151515151
6.113178294573643
5.933115823817292
5.926174496644295
5.879736408566721
6.010771992818672
5.873333333333333
6.380726698262244
5.922056384742952
6.120263591433279
6.1552901023890785
5.956081081081081
6.248037676609105
6.232415902140673
5.860670194003528
5.795
5.764505119453925
6.010221465076661
5.979626485568761
5.899671052631579
6.264
5.921008403361345
5.805460750853243
5.99496644295302
5.988467874794069
6.160063391442155
6.146711635750422
6.098846787479407
6.1233108108108105
6.077814569536423
5.871175523349437
5.899497487437186
5.840531561461794
6.12214983713355
5.729818780889621
6.051666666666667
6.312693498452012
6.052980132450331
6.058430717863105
6.193979933110368
5.887179487179488
5.772963604852686
6.192
6.227350427350427
5.775891341256367
5.8504201680672265
6.173841059602649
5.954545454545454
6.384228187919463
6.25249169435216
5.753820033955857
6.105704697986577
6.077175697865353
6.1579778830963665
5.765650080256822
6.126064735945485
5.795289855072464
6.331189710610932
5.976666666666667
5.978260869565218
6.303776683087028
6.260188087774295
5.946643717728055
5.933021806853582
5.890410958904109
6.14827018121911
6.010204081632653
5.956738768718802
6.107202680067002
5.869257950530035
6.254606365159129
6.076124567474048
6.235387045813586
6.033112582781457
6.016611295681063
5.782392026578073
5.984509466437177
5.8578947368421055
5.68
6.14
5.96661101836394
5.990016638935108
6.1158730158730155
5.708881578947368
5.991803278688525
6.327102803738318
6.23950233281493
5.921005385996409
5.97945205479452
5.928571428571429
6.185308848080133
5.788135593220339
5.846678023850085
5.991896272285251
5.751748251748252
5.965116279069767
6.199036918138042
6.102866779089376
5.790017211703959
6.390015600624025
5.883597883597884
6.001642036124795
5.889802631578948
6.0124777183600715
6.09866220735786
5.932454695222405
6.140752864157119
6.285714285714286
5.905245346869712
6.013468013468014
6.079674796747968
6.1048109965635735
6.227722772277228
5.9904153354632586
6.050819672131148
5.926590538336052
6.1057851239669425
5.773770491803279
5.919439579684764
6.192368839427663
5.8452579034941765
5.865079365079365
6.062605752961083
6.0702614379084965
5.819757365684575
5.998281786941581
5.8006872852233675
6.20672268907563
5.820921985815603
5.995114006514658
6.160862354892205
5.919224555735057
5.924006908462867
6.012598425196851
6.117455138662317
5.964224872231687
5.969335604770017
5.897569444444445
6.162903225806452
6.284757118927973
5.822445561139029
5.983766233766234
6.021505376344086
5.723549488054608
5.838063439065109
5.875
5.947797716150082
6.0198675496688745
6.009708737864078
5.904761904761905
5.85342019543974
5.852686308492201
5.930795847750865
6.130952380952381
6.012820512820513
6.109324758842444
6.015358361774744
5.657439446366782
5.8961474036850925
5.914035087719299
6.083464566929134
5.854700854700854
5.969178082191781
5.796694214876033
5.956293706293707
6.252818035426731
5.665511265164644
6.1819672131147545
5.9553264604811
5.852941176470588
5.89625850340136
5.95800933125972
6.284345047923322
5.775167785234899
5.894563426688633
5.904153354632588
6.113452188006483
5.597972972972973
6.060185185185185
5.957044673539519
6.193656093489149
6.375
6.177524429967427
5.774774774774775
5.998316498316498
5.96875
5.823630136986301
5.852686308492201
5.790186125211506
6.379084967320262
5.673913043478261
5.81374321880651
5.8830508474576275
6.163695299837926
6.1792763157894735
6.0678513731825525
6.284345047923322
6.08843537414966
5.893653516295026
6.2379310344827585
5.815384615384615
5.919795221843003
6.132550335570469
6.317411402157165
5.884297520661157
5.732743362831858
6.044982698961937
5.903937007874016
6.122699386503068
6.063439065108514
6.173701298701299
5.857605177993528
6.069243156199678
5.693121693121693
5.993421052631579
6.124401913875598
6.096618357487923
5.996661101836394
5.709090909090909
6.056291390728477
6.080824088748019
5.902608695652174
6.042056074766355
5.873963515754561
5.9411764705882355
5.991334488734835
6.049689440993789
5.904599659284497
5.902439024390244
6.100840336134453
6.03852327447833
5.857851239669421
5.983471074380165
5.926994906621392
5.967051070840197
5.867528271405493
5.913851351351352
5.762886597938144
5.901153212520593
6.093596059113301
5.6964586846543
5.9631490787269685
6.208
5.873504273504273
5.738053097345133
5.8482293423271505
5.882556131260794
6.085858585858586
5.972402597402597
6.119426751592357
5.945670628183362
5.877758913412563
5.783960720130933
6.115987460815047
5.476190476190476
5.879646017699115
6.065789473684211
6.126455906821963
5.9601386481802425
6.074554294975689
5.925742574257426
6.039308176100629
6.195548489666137
6.230902777777778
5.868770764119601
6.153094462540716
5.788135593220339
6.067103109656301
6.001739130434783
5.780201342281879
6.277397260273973
5.95
6.109523809523809
5.918166939443535
6.013816925734024
6.117739403453689
5.548042704626335
6.133550488599348
5.811320754716981
5.882067851373183
5.866328257191201
5.792822185970636
6.035830618892508
6.144674085850556
5.7425249169435215
5.9847457627118645
6.083191850594227
6.122073578595318
5.732743362831858
6.115864527629234
5.817133443163097
6.13128038897893
6.140961857379768
5.671902268760907
5.934782608695652
5.815384615384615
5.986183074265976
5.905750798722044
5.8991452991452995
6.0638297872340425
6.104928457869635
5.956375838926174
6.244408945686901
5.916129032258064
6.028667790893761
5.79447322970639
5.6589285714285715
5.901116427432217
6.106732348111659
6.1794453507340945
6.011075949367089
5.867528271405493
6.140157480314961
6.0730519480519485
6.067716535433071
5.815834767641997
6.008591065292096
6.025196850393701
6.0
5.911575562700965
5.787775891341257
6.091836734693878
6.3921875
6.239737274220033
5.942176870748299
5.725589225589226
5.766031195840554
5.733766233766234
5.9646464646464645
5.976271186440678
5.592150170648464
5.977198697068404
6.092105263157895
6.220779220779221
6.022184300341297
6.1433333333333335
6.170542635658915
5.921008403361345
5.883415435139573
6.0183333333333335
6.108433734939759
6.052364864864865
6.104166666666667
5.620209059233449
5.840480274442538
5.939044481054366
5.9376
5.729096989966555
5.8789808917197455
5.8374125874125875
5.9730185497470485
5.867449664429531
5.818330605564648
6.258592471358429
6.0941558441558445
5.897435897435898
6.116554054054054
5.863557858376511
5.9520547945205475
5.9185667752443
5.976510067114094
5.761904761904762
6.096308186195826
5.884615384615385
6.073253833049404
5.972027972027972
6.016778523489933
5.740034662045061
6.003305785123967
5.893428063943162
6.025210084033613
5.795
5.991896272285251
6.417508417508418
