6.520193861066236
6.348949919224555
6.156363636363636
6.49009900990099
6.131059245960503
6.305460750853243
6.153846153846154
6.384615384615385
6.420382165605096
6.128472222222222
6.350086655112651
6.314387211367674
6.556942277691108
6.635332252836305
6.153078202995008
6.442434210526316
6.249581239530988
6.444816053511706
6.466876971608833
6.458860759493671
6.380234505862647
6.495854063018242
6.332214765100671
6.2
6.546925566343042
6.314720812182741
6.213660245183888
6.187707641196013
5.907637655417407
6.262886597938144
6.172240802675585
6.470383275261324
6.2611570247933885
6.376053962900506
6.409168081494058
6.380234505862647
6.249578414839798
6.316225165562914
6.37936507936508
6.692913385826771
6.5647840531561465
6.174280879864636
5.965928449744464
6.455128205128205
6.226962457337884
6.275409836065574
6.343959731543624
6.311864406779661
6.461172741679873
6.278156996587031
5.951096121416526
6.3718166383701185
6.193771626297578
6.241935483870968
6.109929078014185
6.240400667779633
6.377633711507293
6.202922077922078
6.1888
6.065878378378378
6.216528925619834
6.356282271944923
6.472454090150251
6.4051282051282055
6.2362728785357735
6.3023255813953485
6.21578947368421
6.500802568218298
6.202492211838006
6.376859504132232
6.057245080500895
6.252679938744257
6.2776886035313
6.38917089678511
6.341503267973856
6.416938110749186
6.281090289608177
6.476351351351352
6.342019543973941
6.277147487844409
6.425081433224756
6.477430555555555
6.556765163297045
6.108943089430895
6.345762711864407
6.3789808917197455
6.181049069373943
6.188429752066115
6.2324414715719065
6.1601362862010225
6.203672787979967
6.17719298245614
6.156957928802589
6.22741935483871
6.006756756756757
6.145051194539249
5.993333333333333
6.236886632825719
6.244262295081967
6.126279863481229
6.026269702276707
6.271043771043771
6.2863924050632916
6.319286871961102
6.137391304347826
6.01510067114094
6.2534246575342465
6.405990016638935
6.025553662691652
6.201666666666667
6.542713567839196
5.812606473594548
6.232744783306581
6.125636672325976
6.432038834951456
6.520868113522537
6.167785234899329
6.377207062600321
6.165829145728643
6.093856655290103
6.5664451827242525
6.1696
6.274220032840723
5.938037865748709
6.422535211267606
6.191525423728813
6.2746031746031745
6.107638888888889
6.065404475043029
6.311336717428088
6.059021922428331
6.080213903743315
6.402208201892744
6.226130653266332
6.183501683501683
6.135416666666667
5.955017301038063
6.341977309562399
6.177852348993288
6.346026490066225
6.270175438596492
6.263665594855305
6.17524115755627
6.120748299319728
6.173622704507513
6.134680134680135
6.106518282988871
6.266553480475382
6.067103109656301
6.277243589743589
6.222602739726027
6.040066777963272
6.026132404181185
6.274061990212072
5.983193277310924
6.184514003294893
6.423017107309486
6.293159609120521
5.952461799660441
5.943493150684931
6.011666666666667
5.862745098039215
5.895867768595041
5.968858131487889
5.935960591133005
6.254746835443038
5.958041958041958
5.908045977011494
6.12736660929432
6.184251968503937
6.150662251655629
6.434083601286174
6.285
6.205172413793103
6.640062597809076
6.226229508196721
6.15485996705107
6.185245901639345
6.083881578947368
5.9576271186440675
6.30421216848674
6.142857142857143
6.199372056514914
6.300324675324675
5.819536423841059
6.358730158730158
6.541871921182266
6.0339285714285715
6.094370860927152
6.027777777777778
5.801369863013699
6.019400352733686
6.008291873963516
6.3517241379310345
6.071304347826087
6.417886178861789
5.798013245033113
6.484177215189874
6.137030995106036
6.0344827586206895
6.033726812816189
6.306688417618271
6.23421926910299
6.238175675675675
6.239242685025817
6.103960396039604
6.083333333333333
6.168367346938775
6.396610169491526
6.289982425307557
6.0899653979238755
6.1057851239669425
6.210691823899371
6.171114599686028
6.156896551724138
6.001607717041801
6.207455429497569
6.04070796460177
5.798969072164948
6.190243902439025
6.304635761589404
5.957516339869281
5.835951134380454
6.0
6.325281803542673
6.367109634551495
6.166666666666667
6.1480263157894735
5.808474576271187
6.090909090909091
6.0688
5.881386861313868
6.096283783783784
6.097731239092496
6.355123674911661
6.2630718954248366
6.162207357859532
6.157264957264958
6.482315112540193
5.790378006872852
5.993344425956739
5.921875
5.9718543046357615
5.81864406779661
6.10064935064935
5.993464052287582
6.217028380634391
5.937908496732026
5.841483979763912
6.1934959349593495
5.8475409836065575
5.691910499139415
5.829225352112676
5.925675675675675
5.930807248764415
5.949675324675325
6.160194174757281
6.0976
5.905335628227195
5.981996726677577
6.0131147540983605
6.058219178082192
6.018487394957983
6.043046357615894
6.339712918660287
6.0472027972027975
5.839669421487604
5.77504105090312
5.955665024630542
5.990322580645161
6.1105610561056105
6.088815789473684
5.906810035842294
6.193548387096774
6.130081300813008
5.794361525704809
5.97319932998325
6.235294117647059
5.791935483870968
5.881944444444445
5.714285714285714
6.325123152709359
5.852348993288591
6.37223974763407
6.18348623853211
5.950576606260297
5.850340136054422
6.138535031847134
6.04
5.95093062605753
5.861486486486487
6.098705501618123
6.078817733990148
6.0344827586206895
6.014308426073132
6.151273885350318
5.882636655948553
5.8800675675675675
5.947712418300654
6.010309278350515
5.769230769230769
6.064
6.175465838509317
5.879251700680272
5.913477537437604
6.142148760330579
5.879799666110183
5.8667763157894735
5.838821490467938
5.961016949152542
6.103092783505154
6.120063191153238
5.818339100346021
5.909243697478992
5.815878378378378
5.7907348242811505
5.918088737201365
5.839857651245552
5.983818770226537
5.678832116788321
5.978758169934641
5.919439579684764
5.856451612903226
6.055555555555555
6.0606060606060606
5.961148648648648
6.062605752961083
6.154220779220779
6.135399673735726
6.16910569105691
5.787414965986395
6.0134228187919465
6.027538726333907
5.716612377850163
5.845762711864407
5.81786941580756
5.806451612903226
5.8576
5.802513464991024
5.760262725779967
5.90725126475548
5.976510067114094
5.8816466552315605
5.974874371859296
5.818910256410256
5.86437908496732
5.87858347386172
6.159677419354839
5.692982456140351
6.016528925619835
5.825878594249201
6.105610561056106
5.761980830670926
5.897151898734177
5.849572649572649
5.675170068027211
5.816037735849057
5.4315424610052
5.723154362416107
5.863865546218487
5.934065934065934
5.579505300353357
5.93
5.6091370558375635
5.655709342560554
6.037828947368421
5.864774624373957
6.119672131147541
5.691126279863481
5.792822185970636
5.840947546531303
5.986062717770035
5.839721254355401
5.939157566302652
6.073482428115016
5.818815331010453
5.818936877076412
5.706362153344209
5.853135313531353
5.864600326264274
5.931464174454828
5.862969004893964
5.8068739770867435
5.814236111111111
5.514190317195325
5.386740331491713
6.015948963317384
5.616695059625213
5.878991596638656
5.686495176848875
6.097946287519747
5.871753246753247
5.926216640502354
5.847315436241611
5.961102106969205
5.888123924268503
5.849337748344371
6.165032679738562
5.516778523489933
5.414634146341464
5.906197654941374
5.683274021352313
5.810402684563758
5.623164763458401
6.100323624595469
5.694533762057878
5.758913412563667
5.628272251308901
5.780276816608996
5.931888544891641
5.816971713810316
5.801666666666667
5.584013050570962
5.797004991680533
5.415254237288136
5.89344262295082
5.7974068071312805
5.621487603305785
5.719327731092437
6.065040650406504
5.563573883161512
5.625649913344887
5.712171052631579
5.7698675496688745
5.667736757624398
5.763765541740675
5.700336700336701
5.910596026490066
5.779109589041096
5.971929824561403
5.89792663476874
5.766339869281046
5.614457831325301
5.64070796460177
5.555926544240401
5.631669535283993
5.612068965517241
5.425760286225403
5.822147651006712
6.093699515347335
5.804459691252144
5.68561872909699
5.577996715927751
5.706576728499157
5.6203866432337435
6.084158415841584
5.874371859296482
5.998373983739837
5.4588441330998245
5.566164154103853
5.820063694267516
5.673469387755102
5.817447495961228
5.868988391376451
5.746059544658494
5.565436241610739
5.952681388012619
5.825944170771757
5.6068515497553015
5.663333333333333
5.839403973509934
5.670103092783505
5.631160572337043
6.03728813559322
5.547781569965871
5.607876712328767
5.949066213921902
5.48021582733813
5.9517884914463455
5.672913117546848
5.842948717948718
5.786535303776683
5.899505766062603
5.704472843450479
5.7213675213675215
5.530405405405405
5.894736842105263
5.919614147909968
5.882255389718076
5.819935691318328
5.827529021558872
5.95702479338843
5.747440273037543
5.747747747747748
5.647651006711409
5.947194719471947
5.791318864774625
5.712418300653595
5.690117252931323
5.877650897226753
5.977309562398704
6.029616724738676
5.8173076923076925
5.96843853820598
5.7317073170731705
5.860738255033557
5.748743718592965
5.534804753820034
5.685667752442996
5.546952224052719
5.614726027397261
5.879084967320262
5.726666666666667
5.827586206896552
5.8733108108108105
5.819757365684575
5.977134146341464
5.760942760942761
5.664893617021277
5.574290484140234
5.575042158516021
5.845528455284553
5.810543657331137
5.559121621621622
5.799663299663299
5.571180555555555
5.806349206349206
5.6731107205623905
5.513468013468014
5.777059773828756
5.588832487309645
5.626465661641541
5.893939393939394
5.792270531400966
5.88107202680067
5.6414762741652025
5.867796610169491
5.717428087986463
5.811764705882353
5.5664451827242525
5.4734982332155475
6.1763727121464225
5.77319587628866
5.64891846921797
5.892682926829268
5.806620209059234
6.015126050420168
6.0
5.606473594548552
5.711001642036125
5.588640275387263
5.80976430976431
5.867768595041323
5.623488773747841
5.843003412969283
5.730639730639731
5.784440842787682
5.770833333333333
5.736318407960199
5.668350168350169
5.658662092624357
5.719269102990033
5.808264462809917
5.4772727272727275
5.759136212624584
5.805872756933116
6.003305785123967
5.919871794871795
5.851351351351352
5.962662337662338
5.798360655737705
5.935534591194968
5.64176570458404
5.914754098360656
5.7200647249190935
5.606010016694491
5.492487479131887
5.78956228956229
5.579710144927536
5.75702479338843
5.955882352941177
5.829545454545454
5.8120567375886525
5.653094462540716
5.943273905996758
5.878740157480315
5.6279863481228665
5.5281456953642385
5.81342062193126
5.79757785467128
5.6843853820598005
5.582905982905983
6.060504201680672
5.696551724137931
5.712605042016807
5.8487544483985765
5.601027397260274
5.505190311418685
5.881666666666667
5.639175257731959
5.673202614379085
5.758169934640523
5.576388888888889
5.795608108108108
5.821316614420063
5.687290969899665
5.65017667844523
5.71828665568369
5.616319444444445
6.169572107765451
5.756260434056761
5.930307941653161
5.810580204778157
5.984126984126984
5.575042158516021
5.523020257826888
5.795644891122278
5.94912559618442
5.798260869565217
5.58348623853211
5.516447368421052
5.714743589743589
5.869158878504673
6.090460526315789
5.558058925476603
5.628951747088187
6.052202283849918
5.971608832807571
5.692556634304207
5.719211822660099
5.752442996742671
5.516949152542373
5.830687830687831
5.836012861736334
6.056910569105691
5.9188311688311686
5.787021630615641
5.708469055374593
5.60200668896321
5.838655462184874
6.034071550255536
5.760344827586207
5.532743362831859
5.7486910994764395
5.693493150684931
5.972624798711755
5.68374558303887
5.617161716171617
5.964285714285714
5.90952380952381
5.771900826446281
5.87008547008547
5.907643312101911
5.811074918566775
5.866328257191201
5.912310286677909
6.0673400673400675
5.731825525040388
5.593856655290103
5.479128856624319
5.666666666666667
5.458823529411765
6.20404984423676
5.860095389507154
5.5446735395189
5.533123028391167
5.785266457680251
5.7368421052631575
5.834170854271357
5.495697074010327
5.822033898305085
5.9089430894308945
5.712305025996534
5.608247422680412
5.81692573402418
5.883096366508688
5.757071547420965
5.699481865284974
5.635
5.414507772020725
5.8230519480519485
5.946372239747634
5.525305410122164
5.639032815198618
5.765
5.598023064250412
5.653543307086614
5.649659863945578
5.683219178082192
5.935483870967742
5.529900332225914
5.818181818181818
5.884615384615385
6.053398058252427
5.500863557858376
5.920265780730897
5.788368336025848
5.614695340501792
5.9604430379746836
5.631669535283993
5.6964586846543
5.810126582278481
5.595854922279793
5.917369308600337
5.729372937293729
5.576655052264808
5.917355371900826
5.895666131621188
5.696666666666666
6.032258064516129
5.80577849117175
5.464223385689354
5.676056338028169
5.841680129240711
5.979057591623037
5.5426621160409555
5.450847457627119
5.5359477124183005
5.768621236133122
5.594227504244482
5.706666666666667
5.623376623376624
5.592592592592593
5.8092868988391375
5.861417322834646
5.897478991596639
5.5
5.552587646076795
5.683587140439933
5.7751277683134585
5.952922077922078
5.7316666666666665
5.532286212914485
5.5435483870967746
5.587030716723549
5.7819063004846525
5.504302925989673
5.776859504132231
5.707979626485569
5.703767123287672
5.574105621805792
5.903069466882068
5.721202003338898
5.59304347826087
5.849514563106796
5.662229617304493
5.729591836734694
5.429310344827586
5.530120481927711
5.762063227953411
5.657534246575342
5.803389830508475
5.715502555366269
5.724025974025974
5.935430463576159
5.941362916006339
5.9634551495016614
5.533222591362127
5.741293532338308
5.750413223140496
5.943910256410256
5.7040133779264215
5.548922056384743
5.6985172981878085
5.757825370675453
5.611023622047244
5.624796084828711
5.78839590443686
5.892857142857143
5.616806722689075
5.680412371134021
5.822475570032573
5.904761904761905
5.795608108108108
5.71121351766513
5.51618398637138
5.69100169779287
5.792163543441227
5.973941368078176
5.869269949066214
6.0
5.876075731497418
5.672913117546848
6.0290102389078495
5.756756756756757
5.765410958904109
5.733660130718954
6.17124394184168
5.895253682487725
5.799289520426288
5.745682888540031
5.903908794788274
5.664451827242525
5.693311582381729
5.389179755671902
5.7073170731707314
5.941278065630398
5.85831960461285
5.539495798319328
5.745819397993311
5.7016949152542376
5.75
6.01530612244898
5.404109589041096
5.737113402061856
5.52695652173913
5.418212478920742
5.829931972789115
5.821192052980132
5.625
