91.0
82.0
64.0
86.0
62.0
61.0
53.0
67.0
80.0
60.0
77.0
69.0
105.0
100.0
61.0
77.0
61.0
86.0
73.0
104.0
88.0
88.0
71.0
81.0
92.0
53.0
63.0
81.0
44.0
82.0
60.0
92.0
65.0
74.0
80.0
70.0
65.0
75.0
82.0
96.0
91.0
68.0
55.0
84.0
77.0
63.0
69.0
82.0
91.0
58.0
65.0
72.0
69.0
69.0
58.0
74.0
73.0
69.0
79.0
54.0
73.0
74.0
65.0
65.0
68.0
71.0
72.0
84.0
66.0
80.0
61.0
86.0
75.0
90.0
71.0
84.0
62.0
79.0
79.0
68.0
87.0
79.0
93.0
60.0
88.0
89.0
73.0
63.0
63.0
66.0
80.0
67.0
77.0
70.0
62.0
76.0
63.0
57.0
72.0
70.0
59.0
79.0
79.0
74.0
68.0
58.0
77.0
78.0
64.0
65.0
88.0
40.0
80.0
66.0
94.0
84.0
69.0
75.0
81.0
77.0
81.0
82.0
66.0
51.0
88.0
61.0
95.0
57.0
62.0
77.0
75.0
63.0
88.0
74.0
68.0
70.0
57.0
83.0
82.0
83.0
69.0
74.0
72.0
74.0
66.0
71.0
69.0
73.0
59.0
88.0
66.0
63.0
54.0
79.0
55.0
57.0
72.0
73.0
69.0
62.0
51.0
59.0
50.0
67.0
64.0
75.0
48.0
51.0
74.0
83.0
62.0
80.0
76.0
60.0
87.0
70.0
61.0
79.0
62.0
62.0
83.0
71.0
94.0
75.0
51.0
82.0
87.0
52.0
65.0
57.0
37.0
52.0
56.0
79.0
54.0
89.0
47.0
85.0
70.0
59.0
46.0
78.0
64.0
71.0
62.0
68.0
49.0
64.0
78.0
68.0
42.0
74.0
104.0
62.0
68.0
72.0
72.0
59.0
40.0
63.0
75.0
72.0
57.0
61.0
76.0
84.0
81.0
57.0
41.0
70.0
65.0
46.0
71.0
47.0
69.0
87.0
57.0
53.0
90.0
40.0
72.0
51.0
57.0
46.0
72.0
58.0
78.0
67.0
49.0
74.0
61.0
45.0
62.0
60.0
44.0
59.0
63.0
70.0
58.0
60.0
52.0
72.0
47.0
61.0
89.0
50.0
57.0
44.0
56.0
68.0
58.0
58.0
47.0
82.0
70.0
35.0
63.0
87.0
64.0
63.0
53.0
70.0
59.0
79.0
73.0
61.0
49.0
67.0
60.0
59.0
49.0
63.0
78.0
45.0
77.0
65.0
53.0
46.0
72.0
56.0
56.0
58.0
87.0
45.0
53.0
87.0
59.0
33.0
45.0
53.0
62.0
69.0
41.0
61.0
49.0
42.0
52.0
43.0
59.0
36.0
66.0
56.0
50.0
56.0
60.0
61.0
61.0
60.0
67.0
67.0
48.0
52.0
55.0
50.0
33.0
38.0
37.0
48.0
39.0
44.0
36.0
40.0
52.0
66.0
64.0
48.0
47.0
55.0
39.0
48.0
50.0
68.0
46.0
50.0
41.0
36.0
44.0
25.0
31.0
53.0
47.0
31.0
41.0
44.0
41.0
54.0
62.0
69.0
22.0
44.0
49.0
56.0
48.0
56.0
56.0
44.0
35.0
46.0
48.0
43.0
46.0
41.0
58.0
42.0
21.0
24.0
56.0
28.0
48.0
43.0
66.0
39.0
60.0
46.0
53.0
51.0
48.0
62.0
26.0
21.0
49.0
38.0
49.0
37.0
50.0
43.0
39.0
29.0
43.0
68.0
40.0
47.0
26.0
30.0
31.0
48.0
36.0
44.0
36.0
49.0
32.0
41.0
42.0
47.0
39.0
42.0
49.0
52.0
31.0
44.0
39.0
36.0
27.0
27.0
22.0
34.0
33.0
27.0
49.0
72.0
38.0
37.0
40.0
38.0
39.0
72.0
49.0
54.0
38.0
31.0
59.0
34.0
44.0
45.0
52.0
32.0
52.0
45.0
33.0
41.0
46.0
36.0
44.0
62.0
27.0
34.0
56.0
30.0
50.0
27.0
52.0
51.0
53.0
35.0
32.0
25.0
42.0
57.0
42.0
42.0
47.0
47.0
49.0
35.0
43.0
50.0
39.0
36.0
28.0
57.0
67.0
53.0
50.0
46.0
56.0
51.0
39.0
34.0
40.0
42.0
30.0
52.0
43.0
39.0
46.0
53.0
59.0
53.0
40.0
42.0
37.0
47.0
44.0
28.0
33.0
26.0
41.0
31.0
25.0
48.0
38.0
32.0
52.0
47.0
41.0
21.0
47.0
35.0
42.0
31.0
21.0
57.0
52.0
40.0
47.0
43.0
45.0
55.0
31.0
36.0
38.0
44.0
47.0
36.0
35.0
38.0
45.0
36.0
39.0
42.0
39.0
46.0
50.0
27.0
39.0
39.0
40.0
56.0
40.0
49.0
44.0
49.0
34.0
50.0
58.0
35.0
21.0
34.0
22.0
36.0
41.0
46.0
37.0
34.0
50.0
48.0
31.0
31.0
41.0
45.0
38.0
32.0
48.0
33.0
52.0
52.0
41.0
41.0
53.0
31.0
34.0
49.0
30.0
35.0
50.0
45.0
49.0
47.0
33.0
52.0
33.0
37.0
40.0
49.0
36.0
35.0
53.0
39.0
33.0
40.0
36.0
39.0
56.0
45.0
38.0
26.0
76.0
56.0
45.0
48.0
48.0
27.0
44.0
49.0
49.0
45.0
37.0
44.0
30.0
43.0
52.0
44.0
23.0
39.0
38.0
52.0
41.0
32.0
65.0
52.0
43.0
43.0
50.0
47.0
42.0
46.0
40.0
46.0
23.0
21.0
30.0
47.0
66.0
51.0
38.0
27.0
35.0
37.0
44.0
31.0
39.0
53.0
36.0
29.0
47.0
54.0
41.0
40.0
38.0
22.0
48.0
47.0
37.0
32.0
45.0
35.0
43.0
39.0
43.0
57.0
44.0
45.0
39.0
57.0
34.0
55.0
49.0
25.0
49.0
31.0
30.0
49.0
29.0
57.0
36.0
29.0
63.0
47.0
36.0
54.0
36.0
22.0
40.0
56.0
52.0
29.0
28.0
37.0
37.0
34.0
33.0
40.0
36.0
45.0
57.0
50.0
31.0
35.0
37.0
47.0
53.0
37.0
32.0
38.0
45.0
52.0
25.0
36.0
41.0
47.0
31.0
42.0
32.0
34.0
54.0
46.0
39.0
21.0
33.0
43.0
29.0
51.0
51.0
50.0
40.0
54.0
50.0
41.0
26.0
34.0
52.0
39.0
34.0
41.0
44.0
29.0
39.0
39.0
43.0
46.0
44.0
42.0
51.0
43.0
32.0
35.0
36.0
35.0
32.0
38.0
46.0
50.0
34.0
50.0
48.0
44.0
38.0
81.0
47.0
36.0
44.0
51.0
42.0
48.0
26.0
37.0
49.0
54.0
32.0
45.0
32.0
35.0
47.0
23.0
36.0
36.0
22.0
33.0
45.0
36.0
