376.35058930456694
344.5709847486393
338.44305477533794
335.4672918475375
370.83089149406356
363.70912815856775
368.30291899699836
336.9772761930604
377.94819737219285
354.04659424729203
346.7882480620359
337.76215113231154
364.25859383902514
344.9119533634723
337.73121120906677
371.8955479504837
331.82793036690407
350.0792991265012
370.6130799282397
357.86669946414406
340.4515035623532
346.87950388974525
374.1417903743512
365.77076191270487
335.10357703725856
369.24486880156496
334.70930236501613
353.9502411809923
377.93879881320913
358.82852721179813
341.3068223841456
350.57702879639913
346.49584385566106
352.6544529036051
323.461438957784
341.6702835170014
377.89888053944617
328.1609488152959
341.5169433726301
374.5748586864544
343.5021366745902
361.3700931965175
365.38626626797014
345.86647794905485
372.19732397231434
372.904434150719
363.94346050752506
363.99435355554436
374.6663205876081
343.02519563088833
341.34545041285963
349.7715546275918
341.02404627922346
349.46362764135523
349.41821878946905
330.08961522732744
331.97264166891455
374.5516893923637
382.96626482880345
356.58304108800337
330.399523107145
332.85821027662143
345.9952464070648
337.5569086537804
346.0328493798458
363.0130729743904
341.91503542547406
360.28869032953946
312.09394792579167
347.1545147264399
375.40719563625896
380.32254877656135
344.7729512717532
328.0485528685464
358.6761858007954
342.8583977196573
321.87602809470786
357.7584686117087
373.55465974237836
344.3871594657997
345.48019234396673
340.2333674885561
319.7735002695107
367.51393831482903
371.48519598181457
416.81720193481
325.5293116790246
337.0951012151053
378.89842689516473
374.241314426519
363.4389702663965
386.15075303332344
321.38568567753714
365.26602606988615
344.521175551627
384.48591763453516
325.6213651404553
355.06566615459286
323.0386261727226
359.4011770167666
331.9929030147397
358.68779170592813
316.28624258701194
359.13435164383816
332.9015967905579
355.66008113912966
367.8448396816801
339.8785565801299
375.4812229516572
363.37156692458063
338.97980456607525
333.17145592507313
329.43398489076554
368.451856153805
373.75119993827025
398.7504473366251
375.88641098729306
349.92756444574246
341.161547410681
333.5417118254099
342.6927498438323
394.3436508618363
350.3296585445173
333.471303718086
363.2985174278088
379.02128055971156
364.52021097352787
379.2706309270285
361.8657961544598
329.9086329066328
354.6596220122429
345.49320278170075
335.38365211755587
343.1254688352256
372.8521337123756
342.40127179525547
348.57782524943366
373.22279358614435
385.9124215203129
346.5973170411662
335.2731510762935
323.17195375702715
322.78608235615286
343.52347551514777
326.8505077216504
353.2656853496258
334.127680019737
355.49015629146334
347.2793312590928
363.2324885596635
324.74842595064854
370.0606985196224
345.72275954338113
360.81539857219957
345.5812933643098
365.8790498056484
337.7195408182747
365.43283990635547
337.89342540165177
348.2122375655973
347.1140175708901
369.32119315726885
334.00462805710623
354.1544079357676
361.13105020208684
368.93343673160416
366.0396110618948
346.61849893067154
346.02678278336697
362.32686810474866
371.53026371203794
360.66224381057174
349.6258725640389
358.1891645976379
381.5416260472308
345.47140448087026
335.66487624549484
356.7039246980978
349.30776053189203
339.8822744261878
343.94921925402855
337.27312545156826
356.3981695984115
360.76157484285756
335.0225600241488
346.9600304309482
314.91134967591927
359.84510821996923
333.6124898449757
339.96922845221314
336.29574417076384
339.51499006886894
357.54133830914327
356.3425174859797
334.6644587462357
362.0387742925887
330.23712458770626
352.9879991668695
354.0052794860439
349.5082201999818
342.57695911474946
382.39420049747457
320.5512796158402
343.5575655240672
407.5182069578623
329.3511374878795
361.60635385398894
344.6996217777924
342.13060105556286
344.6734744179137
351.6519730495344
342.4900713134394
342.446218319879
377.7212339072222
378.34605645437824
343.04603990016574
347.57176143826274
352.62677794363617
348.56061234644665
390.40779388427796
397.7645435583819
355.64324376623983
347.344291867075
308.18733134977134
344.2531465409107
369.92677239100493
338.0185982740844
337.12055662026285
321.9076966873426
350.9707216652663
341.7520984348188
358.81334457521297
367.2609272547994
357.5293895163628
380.7996565502475
336.77712436301556
358.17925773471967
345.08587957336283
302.54294235227655
348.7141821659142
369.80294697353906
368.0129285717773
407.77685202590703
402.95262637563746
348.235415940743
319.74993030437315
404.72991758533055
389.12065019856044
316.4469548855788
339.9961996626031
361.18310347019474
345.38878080886445
365.89380130863816
342.3891169011729
377.0138160709218
320.14137317432426
348.1292287765833
318.8128749940523
314.9616381145365
337.4840740412114
387.77962137578305
332.3150848225553
319.2082541684332
373.43159889059996
349.78125900922237
361.16971630071566
321.09135949132946
350.8635116878927
367.48231313107965
352.1404625527228
316.82253265021757
367.63878821857327
352.8124975458046
345.5412125953574
351.3222960594843
333.59904257407504
320.4566674416609
318.2104442583692
314.2301080451774
337.38727606664816
319.2721975139708
361.77614883268177
312.38152943493856
369.1351025365172
359.906087622967
358.86477529535614
329.0070533140164
389.1781281887371
350.9283779109022
393.3943057509664
349.8190538191337
351.0395962152735
369.7607913868682
353.66598821195055
321.5937235837712
379.4450041075387
325.57634292393874
326.90587736184824
320.27690435016945
344.5316528427567
341.8199781559603
345.7417176351865
360.39856373577777
361.7945264012739
323.4034136217971
333.64628203157963
356.03951754536666
347.4363632090137
330.0795787551589
351.8859822770089
345.45618695656594
367.6678025237679
367.164649398677
328.2496440526269
359.1456944321396
362.3539566844567
376.0602689052
358.3446434354623
362.68213859048234
379.7518941349801
339.2081028518994
349.27192744558204
369.2697611460372
339.6484657815373
357.6779951852098
354.363513831127
336.8222334236492
352.41146770306807
380.76080388976254
375.76574608236115
355.37238045466245
308.81086096198965
334.4707913143865
331.1923811875241
371.51315307490734
368.033086523048
382.93793997241175
347.50044673772857
359.8706712039973
316.7271467523239
373.5195196508911
377.63644540953305
356.11046411294075
359.55814565353916
348.72892302985866
351.55793973366497
404.3191594612412
358.09184129314343
360.53580575009653
326.330336890933
351.63999396638036
373.39447837204426
347.0533947187128
312.84143358500717
342.6685098751019
354.623833896924
376.29462863636365
352.1239117368322
341.58539487086057
354.8419361672754
344.5325069594521
379.43527905411844
354.7241753065541
358.62934719828144
336.03451499381134
367.94701040450053
304.2681300988967
366.23372058694474
380.93834207041556
344.765227330458
402.9736086914989
335.25255044339275
373.64708583286057
386.41455108971047
364.5948781004673
374.40538393376227
351.70476117495474
376.2701126717885
353.97253496671703
377.0203078838134
361.7479390667111
358.3155859813387
336.18395385280166
395.39066042743514
391.65406325179487
348.8546242956306
370.35854303192895
336.9059097240463
365.7474352725141
362.1069226616611
394.95018078724786
380.18890852714077
367.13122156412595
377.8165440142692
350.95742309802256
368.62984018532234
369.8285248212734
350.7792750222697
388.49800828621557
350.18736214332387
390.1352808544451
350.03164684253824
389.80344724138524
356.5745626739099
354.67551744416164
372.69305728474694
353.3554801568256
355.28968237611207
397.75112406123486
359.6535822056545
363.2752539655435
400.9397569652253
375.0865311535259
341.07033760222555
378.05970351169583
350.31464544781056
355.50151353691155
397.55905173478703
383.903176143418
373.7391664500682
377.06780713714863
388.0798291385197
371.18998291490595
375.49257914861346
359.4049012938144
375.28109761750665
333.954378221202
349.107988730987
370.4995644387385
422.36743698002863
345.07629161946755
381.69885451596485
365.5275727483243
349.42528148744975
385.7125287894102
379.35629170632444
365.087202023126
356.2763290259254
378.44109546265815
394.2150638428758
407.24774862246636
382.01250155354546
370.210362706203
378.2575640408366
373.7858140995107
352.3501320775291
340.7178226102441
358.8499524978242
342.3213327197423
338.95813036002573
338.27995705671117
397.5250638661691
320.42718199548415
381.23935606984764
376.26857544596857
360.50613010291835
358.1393635722341
384.47380549008
382.79004651865614
403.6723267256417
392.6689970777293
356.2646432966516
386.3114743258387
387.6551877160045
354.2459034034942
342.3731256021585
358.5260156967217
327.30807369003
345.67446181453295
361.03191772972104
382.2612444235435
399.11604989794455
355.9856207447491
378.371519048936
351.825393796552
360.6610794268174
373.2456616525939
396.4562569069986
372.1681637858185
386.9199101933026
332.1639713974349
370.8011821854943
376.2791298474955
402.1842051871751
350.72246134368106
383.71138961739587
380.2934168970811
360.2709421543531
354.73584605986116
373.29167471048055
427.9236573444535
378.14024525824124
351.7865267365968
387.1702476326957
387.00146287251926
369.00399079471174
353.908987173572
372.71925248015856
383.0595089164393
372.88600032449375
368.1336751393591
374.1330553651997
359.8628276094896
389.65639035332435
345.7559807110213
373.68247245213064
374.71107373630747
390.5172701795099
358.3991325740728
382.7268948637821
372.86695604004944
340.31897150823545
408.85559702387906
366.6880986145178
377.4114905926011
351.42375458801234
363.30740158481035
333.6465943555269
352.25183293107045
383.87978781759153
374.6647686136033
366.9329343961165
401.5856677830184
384.8393014791703
378.58187906587847
370.6722335723826
327.27328003874084
389.0255013088771
384.483074157765
390.16631153526555
362.45895884714196
372.5198158380848
330.7851149112112
400.14992500373756
355.5710363504733
365.48143285667356
370.7677894779254
378.7079910014271
354.6035320226787
346.1993775471518
351.52426492157383
359.03218585817615
418.5782851928814
355.2791292663034
350.7135940495395
360.63293484051667
391.91893705164165
350.1882709597203
316.51663830625955
378.1407895400246
379.80960005369127
377.2940054726206
402.3445917302124
366.77677646574347
357.18712282589945
414.2021370758028
422.28496908593223
344.28940450402536
362.692569260067
376.26627187200916
371.7350910924275
362.4672614800311
379.67286148671974
394.17485863974474
341.10390277331146
379.81928105889773
389.7970715527137
365.75030267883625
340.37726755730847
394.76781707948555
327.2908360776498
360.7130637439772
364.3480319301568
349.14955365039975
385.1475047173172
353.69921103063746
381.72026560725124
415.0346350104669
354.47388126423596
365.2552535646468
410.98221745074915
377.06378585707535
388.50965849668233
418.9333268375799
370.8128941330868
382.12992985980577
381.3087571719367
369.50324059786607
365.68669167422905
380.8001036390709
380.3576803034792
389.44656057286545
372.44147624009355
362.8646027381675
359.38165235249835
399.87693348694387
354.44591767999094
356.295407991155
351.26712536507046
394.6449214857964
394.328366050249
358.5813681770249
367.5689345124807
409.9598971437514
394.0257235188774
344.7152648135974
345.24098710853065
354.0984733928334
405.466692956326
431.28751323878896
381.04120342208586
399.52212858008704
365.89499329033106
354.5963807081515
390.03526501519696
362.1990351582232
384.6130311015281
364.27548841785233
399.7673844986769
406.5439440341629
369.77921891360495
360.51441243747774
363.286565644591
373.6503407079739
386.6977671348367
413.62240085450156
364.0910425588483
339.2576876879374
352.5179155073232
340.89526408435546
343.71955521411536
335.7584958835458
369.32251231467365
356.20133022235314
341.0855228951482
393.7160278585694
364.1963003782373
392.70573221448757
369.2104502166695
353.4047423413305
359.7095640366108
411.13300896044774
403.15095577851173
353.78116330413076
396.3249452589783
387.61646498410175
411.13633418789567
360.3327336564369
391.18092006950576
347.32015749139356
378.3139088849249
374.4117657084364
397.88190349569754
349.1203427034091
396.2055950513373
381.91154518564537
395.6352537493107
360.1488916345894
350.19196338033345
458.7604930792314
349.286058303023
324.12190530939955
341.9153971968224
357.9100165535027
363.66594705640216
399.96862184191826
379.76044043485814
367.0911409954682
359.1568879628388
362.536631085545
353.9853096965951
378.581773927271
384.187569001661
426.1320477665886
369.54187952611596
339.41004974897464
394.09509055538007
413.428759526815
438.28490989857056
370.85615672465826
357.96142689591363
376.412235366104
354.27292417706605
333.7998453458771
392.70591586448705
395.25499349098925
410.0579094278358
381.39290217272656
369.40158453810574
349.1534196685839
368.47156806935146
343.25026701782326
381.93728341598234
380.0359226267948
364.4605383725
329.57381851123455
411.2324401991794
358.2627604124182
358.44683761643205
334.8780836605394
360.20504055215036
370.12249319805636
374.09540094616494
376.375574658181
333.4159759284226
386.7884429995444
380.29105710167084
334.0105804800595
378.43642765805555
380.2583707945249
364.53546504384605
363.99063115123585
377.6544926347876
351.44271218025335
347.7165074452706
384.52554427718934
357.71475390086755
358.4845019265495
390.3092597667097
372.2160495904026
354.8659975158572
376.82048314661887
380.5835516175183
423.53063526934693
333.54875827281995
348.4932180764428
394.84045738234465
373.8312991937426
371.16480882729695
366.5911161676937
373.7720182008737
373.4247739720568
387.7814799352212
362.7153436957787
337.1440354973927
375.7667325805543
366.2873616850683
369.16457997486117
346.6695414442946
360.3766346988591
333.38751184085237
381.8104618000462
391.447342112473
380.51642111423985
365.49946193122224
396.20310506469326
334.43063096813586
360.4991825666
348.93610890604674
376.32056469625473
360.6297654412675
371.19490471295796
357.6324098392199
415.9704391792293
357.53186503999984
381.12425236866875
349.9800973103735
376.6990081380519
328.4919640053085
327.47573262646654
380.00073421481056
373.2247774924894
354.80850936303324
349.54279143129514
365.30239828785363
356.802538773036
345.33366246595114
405.2519023709414
369.05850235584853
402.0030743923763
400.7541087429491
364.90362822671045
404.2136144088455
385.8227688115239
367.77064558176113
336.9533860835295
319.3507796807361
374.77401684822286
361.00686931906154
351.7827200637088
400.05859707956245
351.36401128386404
352.37686827856976
381.80393536642663
388.56427132123963
337.7016193699771
315.4554853843632
400.47279490442986
359.4020176737781
372.6287498957368
361.48641482792885
347.0243175079302
378.84025923584903
423.80050370861846
365.26979564524595
350.9391523567821
345.8136013499187
362.73129878665065
361.9258386878231
379.77120978445635
352.19712012744066
361.1483644265971
364.404743340582
367.4015313842016
363.41075776332036
359.04246934954506
405.1877100140702
369.71235758464377
359.2600604737728
376.8159955534513
331.1433116824946
383.76039057891114
369.0598534880088
355.2988632193521
364.8160044059602
374.5315513654188
394.89890421405045
355.32443356122764
380.2249530165457
345.29805315101316
371.7998178141884
342.27873893269134
380.3070825575373
404.4259829650677
392.38059990773513
346.08297192759716
369.7489673502898
338.65733575024717
346.9944691354416
345.32075987765126
368.3433109293363
338.2933730965982
369.3214443578432
334.9226816047788
356.06544112668854
341.32246433709213
361.0896901757915
322.56230418695293
339.1566249037667
379.154367250533
353.16693656976753
357.91889311774867
375.1411606625603
358.6373271624151
