367.168651060812
364.5183104474882
314.1133894861947
376.5546801470222
332.2833066199021
365.44853000058805
340.09820075767965
351.11076823775755
400.09847484307386
339.99505828620374
347.99786911051365
337.31390107285495
373.18764254328244
366.3994699923126
367.8750655583614
349.53814265613084
364.0508676940659
357.2953986721354
397.30040199632606
344.40815890286876
341.2947663897381
361.38925586333886
358.6796026598121
321.4808642832279
357.33799501126157
368.32562577154613
341.01874722193736
345.7207203970612
341.02554814401054
344.5735077826218
348.8956402870462
312.68800534296673
358.25207300443026
354.21645123928465
333.04049510481633
347.39931907324024
357.2033366458164
367.6250076160162
347.00007544716254
382.1680570978152
337.74903931097674
354.1390403533715
315.7075670844508
369.8233368826154
330.6987496350374
329.68470449323826
350.8139360911557
321.06958600382893
363.7867242408083
337.15531201573236
321.4607477356946
328.40227479863233
323.0278261776717
347.00190757317193
314.43258144374033
329.19534783624385
367.4904504151341
350.0129471263186
334.6391096422578
341.3412421312788
343.36892023669293
330.1303290173561
365.55305682418555
335.8994506070153
343.01637888637106
329.7007412848981
308.49561255098445
353.04495079427903
360.44574015432755
356.8162974951091
299.3591929289986
331.26713240459037
347.5183757463037
314.5615677987516
341.01788417032583
345.15621362652183
325.013246534332
350.31539246938235
349.8966341587758
374.90285720995905
343.2598839187773
331.1132271274716
356.8354814042798
333.7159742190821
320.95272475001565
351.3366581309537
338.8966480607627
358.2688405278658
341.433840810718
322.83548277003945
338.10112467334596
305.32457576806803
334.85278865698814
344.02008248188787
328.8787771440791
315.884685290309
326.56762952928864
349.5201457965546
328.7929687639074
311.57169388356726
306.26374485471507
347.9392014775074
348.1254213530464
382.6263264877929
333.45204061658904
325.965820888131
330.58332885116624
349.6260751296703
323.2051484066056
339.8894654419206
341.26604940519604
328.06159260532826
354.21752497210946
324.8312091616447
355.3683221886553
318.5466257144641
325.9016926082637
353.085689099183
336.3345461468629
333.56081098177145
363.2483711447404
347.67161408663674
351.5355897027076
292.42535961588476
356.7561817859992
332.9638819994113
346.4434492236237
327.9932776732751
329.4948659168552
321.11028844124644
323.7764247900512
294.5058127909801
344.69978664622613
348.922584815682
344.3291601289571
330.2813282995637
336.23019278242134
350.78248993656877
306.0873150067077
368.64895151023427
350.26558855380557
362.55745980251424
352.29195653609423
322.47124092086136
312.24451263793236
345.178728295501
349.5615377392663
341.5293369216335
343.5462597010088
342.1749675997758
320.1015176656472
324.40264805831225
326.9029142774728
351.45451969154317
353.2899712629761
373.44728638847766
381.8380474321983
341.2854412533298
318.3243008520536
312.7392821975553
333.51100939163047
294.95327645924135
349.9890148172036
305.3243643926767
340.2020578479493
348.0673079529096
317.5870920238745
338.2538464884848
325.0512884963735
338.02529020466346
339.7134696416641
352.4740723271162
350.6388141033029
345.557496349688
385.12927290980053
366.1011767516464
336.013083080867
329.7891691748798
338.23679700155674
316.8518915585425
368.2962426209869
335.24080245635133
364.5100593358201
351.7249101308602
335.64318434961757
352.47963769281404
368.4585154825664
335.50470877295027
339.2888952203791
344.49326127346563
343.55183522428104
317.80286571676174
335.8899905597112
347.2705851877447
338.02027639515705
367.24878883056937
358.6793048155285
380.3713687609298
335.82345627690967
344.9178307382198
371.39611319360336
354.806467249372
337.42832579771357
360.5004499607368
355.20129378767075
350.09298195064207
347.4210355197772
323.79381719639025
339.9032042917888
326.63001259106727
337.34464034706
320.07073728181865
318.84701575632164
366.6655169004434
331.4454253055836
321.4122409644796
354.5978660818447
326.7050101457254
331.19227429750083
350.59002021979063
352.6303535956461
344.538263414688
311.4862025410122
341.33245290322617
357.42544206329273
349.6590195084369
364.1107469739825
367.0489724016173
341.1392038494657
354.78847976679367
366.79376684808346
322.04954471062763
330.6732869985334
354.9989336939087
338.11301736907745
352.0040259215426
358.84777181612054
355.78623840661004
362.51017087531085
333.469142811041
326.0006501988191
331.11129840247406
364.6510459097812
330.06869777907417
325.6848406379555
354.1239420627311
348.76595256799766
338.2311123590865
342.19508703290234
360.2343804540912
331.86765793583714
319.009957651429
302.39342296727233
327.288394501819
352.42861278575054
355.6577321274928
358.6744278744467
361.87794710024133
342.28294726529
355.5860136706834
378.66876430363925
340.0466817714957
364.38827028519836
346.3039507969584
350.41044401059037
328.4944986792319
336.3348734827262
355.48587525762713
347.04789865091897
338.0616331234856
344.55070102315847
361.76245854283246
333.7342203467616
349.179864435749
352.7130297049932
370.71382969753824
332.0312778410778
343.2299287868193
342.1213581591436
315.0549647656222
322.68503027624797
371.09859455272994
347.0439653116887
376.0198811581213
350.76193109669396
378.42720507427805
351.25387451795524
363.0651821471038
370.05234183189685
350.2028957514531
334.8814995688234
382.90725085195754
327.72906545565445
369.7529831421784
368.67639146654375
386.1547689189103
361.4008442616177
369.7237059190334
328.9856737306397
317.8840925619529
337.80090103751894
359.0383701466978
370.97185361765
352.70881284857455
359.64733810961377
316.9576130113557
345.28949976489616
385.9713273503252
328.76978314185027
344.16247897750077
329.10193086127146
379.1822141721958
348.98167087737136
332.6997341620114
325.9954716981279
362.6841489270243
343.4798619907939
331.55622082320235
360.56226346426314
307.4313831357832
350.1069836306575
326.36434589404735
363.66624855057137
371.04386076849033
333.8090301320759
336.5647368609299
329.7872394104115
375.40043601056084
381.08060244895614
375.94294193340494
351.4268858716324
383.1186738075479
355.9240427536004
352.0496480556968
371.5744470960039
371.1916448185868
369.37637681936104
368.60906678073627
331.3916643660883
357.9257742274316
359.25871206904316
368.55907880374014
323.4667862901283
338.2738114602076
360.2566872567901
388.2928038534876
328.9056977211226
386.1589442410054
330.73151363823393
364.70401646374665
387.0554986147885
349.4642359074997
378.26411902236
389.70138531329326
359.916738540976
338.63191230103877
387.345938464645
342.29818191761717
351.20005581240565
364.95498826573765
392.9252738099097
347.3547450798666
384.678954771926
338.0093963196979
340.92346872165285
370.7670446274807
330.48446176822995
364.9393511602697
374.8229485843829
371.1994933442188
325.3313953336028
342.19964099362267
349.91998858747166
395.2942348844866
382.7727848369831
364.3615398838607
387.1249923902994
370.5652328848542
376.7776431561349
397.52165960013093
395.80164609667077
386.7781960433083
373.05760978051296
366.99234553211556
372.12442857005374
322.55221777070994
384.00188903917194
363.431004255018
357.7367119814587
359.68330615942995
378.97277206067656
382.25961320878304
387.5328260132302
353.91169658996904
361.0237412850164
333.97562964511843
368.341061044643
366.84167493987786
372.8456436498651
339.2401726818272
370.31792622570663
338.8841376316338
366.9508030432967
370.76527489193916
397.5521110146034
373.0676329419626
354.5296838699177
334.936836107343
351.63713197669244
403.3781247902076
381.3387241179287
364.375808694841
363.8879101566013
378.8743615742933
337.5571074942276
370.12444821482006
365.79419501143997
350.866735551238
357.61821982458144
363.32973134498815
332.73029131401364
340.37363245582685
354.59143166741745
346.21970024479253
375.22843767742336
321.8625096098751
339.6831432915304
380.23359169970803
371.41804356395465
381.5226274068792
386.67922652086116
388.81472126286593
357.50655067919587
344.33153343004153
386.0531328261175
354.18474739069427
360.7852849607285
329.6238108955048
367.3923245916653
351.60091764156766
347.3824730581242
352.9243178888088
351.4930564009161
336.97559460501793
339.70351435310965
349.83372616701683
342.24651656996514
362.8504592818435
338.0971983321043
345.02356741166824
361.4397324120306
358.3863168786759
391.05902225948967
346.37752749039134
321.04514291454404
357.9249704314797
374.2997489546825
347.1995506500232
371.0863938957292
354.73635865608435
382.28242894893197
334.47523515633577
361.1013210382605
351.1166056918634
367.2311884863795
348.2503263969114
345.1462000023863
329.0962132142654
401.3564008128411
373.80651058772264
375.99644944976217
365.09322080471054
359.3961926731604
385.58001190913956
378.13280156928283
359.42713292674296
376.5435473467213
375.99536228418117
381.1339973540233
381.9145688792728
351.94467093884
376.1830961007024
329.408129455249
337.7055205427059
336.2309843324364
361.5227317766201
379.439144246076
376.4423831517299
376.05442336451193
376.24157874602514
366.51025266019656
352.48023925177637
381.0431143134368
367.0776811296827
334.57040920274767
353.64055523516697
369.5810694933578
364.3140069769196
354.38865349656174
362.5862053004002
358.3575975549692
345.1382018073765
349.13504058540144
356.74419895064375
354.1320068442925
340.38973853930054
405.725840769619
347.91189348493447
327.5003562371544
359.2943912755717
351.361408105586
399.95805743019054
392.0828969679044
360.18806110274073
369.68044789757175
351.71619760393514
394.08503095029073
365.885609625514
367.38569535882914
366.31045653016344
337.7056091849003
368.63561301917076
339.1658554262573
358.85406120872307
373.6881144010901
375.024871581052
369.2840617235248
362.8734169075771
360.4158495862345
364.64693934441163
341.7064505911314
358.95185893276835
324.0789774132524
354.2656996881227
388.87855854944047
348.8755981173432
400.0861372248121
385.5327559597069
353.098025286174
371.1886669071505
323.49163582811536
338.7781448477238
369.66225422443887
340.6029854785111
365.8917251661618
331.2221497524826
369.57019429167883
355.418272502221
378.4001879230479
364.34018531357026
344.2836080275018
345.6802442144045
350.7334027981498
352.36063884576754
351.2389291748751
365.8551786855732
392.8219912934098
389.71606344700945
385.75884418054227
389.09446369741556
362.54881005538317
398.64291188270346
349.77494319139413
374.90107086600244
351.8804658421244
353.0778567450351
366.11262895701714
366.6233124433901
343.1839648822619
404.7626396187093
386.7926705982964
347.78421695366785
340.16230830089364
357.91270439699906
357.73337195263764
381.35003647389726
334.14651736900043
369.9498428334447
385.0711349873639
365.0359920075149
362.7727819373781
355.76234394736775
375.05388958193174
346.451167007908
336.2306332532346
332.9497928480623
364.30541688963604
308.0519693035874
348.1432531665116
346.6190066976045
407.6387855329713
357.9693165439268
353.18693740313745
358.70081266835376
393.516676642177
357.3477990037252
326.5191995074575
370.9534074340248
339.84910737627547
414.24581996386814
351.64307321385866
384.7196697749939
353.12951765744504
397.5745622414269
338.9608361967257
318.5574514239524
333.4995082773613
395.11185133478966
352.2509406540304
321.29146065885243
356.91937793707035
374.2311049567239
365.84364810901434
383.0177070031145
338.1866441991816
371.49839859352744
345.64959269233117
375.06576087133317
355.64359903317427
343.7205357788831
358.8173867450861
348.92579906537736
334.9039481648874
377.45927865827537
374.8337454235328
371.96996959280625
361.73004869965104
366.27649252763695
369.04142168171063
382.2918540617479
381.66831741888393
345.5347865674209
362.7005915252927
355.9067813896067
369.3607685992825
395.4790639918835
348.6344281212888
357.4095639684313
373.0460675792308
386.24672062421973
370.4851059109837
337.6186556147432
367.3468330078876
344.8979728302139
358.3631567780452
366.36931044569076
362.3035639132123
347.0771026761212
356.50822627772453
337.0136238809641
370.82186436379004
344.0679651844722
392.6774137964781
391.74825187193693
346.3362072216829
385.5179267326406
407.6630786999209
359.9385277613737
344.1809517668504
346.46106560562595
356.2984948027846
379.1065385682562
343.68153942609496
346.5029436232755
352.129488913216
364.210131133352
357.7571205766741
336.85987247695726
353.0939942229437
358.25390208684166
359.5717361806317
398.77150466680996
344.3445726437446
340.5494005150996
342.8097721044192
379.2886675078643
369.112145393532
320.8153812238346
340.1713842317523
358.3764040144078
336.8533325337357
365.5755037799115
356.0337326895391
381.76800906928173
325.7393448968769
364.85628968169146
388.9503197802926
343.3331215729954
394.9769529752489
355.80910988713225
350.5090912725434
339.6091345044511
357.51209796803846
367.81714878765877
378.9605098122428
371.6203123310926
349.8038405364631
387.6721887350892
357.90513908180526
392.45203129318986
383.8878736320363
336.81171467399224
327.78383151009035
354.98640200119206
353.0559121594971
348.91491656012136
349.75313462448304
344.4506313194203
405.0095904559197
354.1013119125223
357.30328321680327
359.30634504010453
337.9379739075309
373.5100271220039
370.97586193054576
360.56604023924103
350.281155781764
345.526142759718
350.20164345286605
368.7737267530714
378.8865917275341
363.17082853618535
332.160450401831
352.6589588783055
332.2612727257546
355.4035991845872
352.4861109400737
337.6818025798213
343.3952920088247
336.3046837143951
346.632084082945
380.6988225365664
356.2885465244443
334.13047342170915
364.70511414173893
350.84348631133014
357.78108203398
354.24545964869145
346.74307070465306
350.61579406280794
384.03686061505357
356.46876582541194
340.5057032884136
363.10740766477807
388.57285594873304
378.65667433300933
365.45906787091343
350.19482145345603
373.9187489908612
369.8499781734931
386.49385260441164
355.2766497231119
343.5743520284991
352.29529158320855
350.34131763685207
400.80930501985574
369.0075317430652
359.8726235346544
384.99131071252924
346.65918351842953
329.87795073245326
352.76835001273764
382.6360637849874
369.15179800262786
422.07227367437747
342.45068729119276
369.98464821089965
360.7815952471632
372.05884099342586
349.92880509699614
365.096427744439
338.23925502819606
364.7621496546775
383.56501306666985
338.0444827458547
350.381734685917
376.7837704588253
368.9581827281326
378.8313446340641
343.1984141744937
371.9850950384848
363.53615688819275
362.28235777731527
363.70495118742053
332.62608839529264
379.465600556778
370.9749160665632
372.82694076722504
347.85485894055137
356.2715692818841
358.81634987008385
419.06191478765305
373.8079174799792
338.7648433563506
378.90575253475583
348.3080562842945
374.01583901880184
361.92841741899207
352.55806375546837
340.1268151661129
