675.3651647465924
695.2635136925064
646.7932163547505
656.6630948146062
650.318839649253
682.2799609468241
650.3899592807797
673.9698123791866
692.9906699527287
687.0032110034273
644.7621610388491
642.4311672063329
681.754402493679
646.7477806785357
715.1265894002622
695.2067141990926
704.8308213528742
657.2658574067746
717.9117631886201
684.1000603563358
662.8909045408743
651.223138454219
683.7236765930553
670.5795894837922
676.6712703836567
705.9968456467346
670.6397724183004
682.4391982185654
700.4874402434631
644.336822899509
721.4753340863645
627.4921196396288
715.5759548350107
672.1955957120592
662.8617307429183
685.7019715326578
692.24746051894
682.4999986224949
723.9127501677187
674.3341349970567
660.0612551938617
687.0794101825991
738.6245870524657
696.2054203709001
677.3646857835363
742.8586087094211
695.033141170559
672.3736195753161
698.6997568407442
705.1697275732201
723.6974727770847
686.4375060859484
681.1751125781672
734.9934941686963
683.4486006684465
701.9949770793825
712.2489667214109
731.5787087032179
733.5227151981481
727.3298137321867
702.8958177020475
671.6451823145231
697.4882176918117
686.821626840964
714.3755192924998
709.3839766188312
666.6568736872387
701.6612722262757
776.8157939842354
681.7551398534354
682.2396188336021
766.2013394026735
728.753866089151
661.7304541559799
724.2394100299404
691.9662085008517
705.5734031444445
663.7194368601645
700.7781539445223
721.0240130581843
688.058955689304
646.7233605824692
716.8016067941578
754.6167842172763
660.4761020685812
712.3633304677311
694.4795190537286
720.0977964292914
714.6404563382159
709.36638556141
686.3039977186738
684.1472779198419
731.4879637807117
743.263926505157
723.096555013222
690.4620513663289
735.9030121683896
708.653127750903
730.7862444594891
703.7062826504003
699.3527918080028
672.9817188712323
734.5880759414044
698.6399175192672
674.6207710538174
733.6282099690709
672.0366839590713
682.1541006387009
714.691083358084
714.8101831874997
662.7283096989019
763.3234239262043
719.9862876560039
708.8653686925817
673.9863597265642
676.2844341732882
712.3746385922983
728.4766104639859
683.375215616167
678.536094360613
666.462765288581
721.8286594408348
724.9116479467506
746.725392486714
723.5444551737553
714.4310909318153
700.5631492539374
698.1198037998096
700.772536390379
682.9198397729776
701.9661821283041
687.6338366742518
720.0273455198861
688.4274456055716
700.1803889806173
673.1881241112549
702.2545154173697
703.9122421779482
701.2174401832247
670.248584122423
643.5286063178294
724.6324596729311
732.8789511991323
691.8296594532537
729.7352651269965
689.0415704979871
754.9165812464363
676.6924481281442
750.4213133611671
705.2088235163717
706.2359572263056
739.3164834107147
704.4080573704903
704.8670727950749
728.148408421894
730.8636444158753
742.6915574655143
723.5815411680156
710.3888857885277
720.7673062704472
750.1348868003479
696.7988276556562
757.2126117152135
699.0224137900179
742.7132319825711
753.1450192051385
723.3839174368402
769.6705900876811
677.1212101418753
747.6119245404369
737.1282715639699
712.3516042309873
688.9975262875221
693.1929016942919
703.5688502053691
714.1626219875451
741.0974605783719
711.6275166226228
745.5059837108296
725.0479701785139
735.985674730655
726.8824741873358
706.5868826048769
715.3548661795675
763.9609560370207
723.4636163416885
659.8919823750726
679.9767839099866
732.2946741608777
756.0461916449781
753.4457937941982
704.3850389922693
752.5839485442273
651.079376389436
703.2128202454462
676.1949159635147
760.1690188309321
702.3982442132271
744.6297913572126
748.3412260627445
732.5709009719787
704.1926356725346
727.5910291698765
687.6482766348704
682.3818215080718
723.2929877433947
729.8322666958333
707.5238726844447
674.9827389460094
663.731603062112
729.2409407428627
729.6729624289175
716.1735816129437
771.4115462557576
689.0281378092528
755.3063573247362
731.6969484742151
686.5023524525147
750.1908742043412
741.1324103687566
694.4360071386286
728.4616887387845
711.1993091564367
744.4780248706608
720.3659827285592
675.5716988593915
716.9843232800561
733.9155040444155
758.1253948573036
712.5618520056012
751.5394714713195
682.9262535173793
700.9708791231067
701.7959799888799
648.1629743106763
687.7350941431282
721.8468811819471
706.0468015969916
686.0828705900292
752.8741453280829
720.4120254133716
713.416898679863
734.9279537844493
758.4674092951815
745.3773739689339
751.8620791664384
690.3413495723786
741.0483358546059
748.2425813024665
717.4398058104739
758.0032811251128
755.0560164188039
706.6928691222522
726.7221945141912
775.1591404625799
758.4905519387019
745.4530016400829
738.9673797212565
707.8170158596101
743.4437915099232
742.1721696713763
686.3048986767634
739.4941080232693
734.7696966415799
712.1494255860869
713.7076251019847
760.8184802321091
781.3396731190826
754.7822740719384
753.6941279857049
748.3339770974969
735.8910474469852
691.9042329592965
718.6356705507894
729.9574182000774
777.7082858594308
726.372135672015
722.2699231306639
772.0290745379284
707.5583153183373
707.8371347579365
701.6299286327416
729.6440627885897
725.260364931711
796.00552887147
725.2699378531653
733.7627431998698
754.4669356254408
757.1696772040856
718.5464247466543
747.6053861368608
732.745084664605
717.4493483897706
760.5389418611567
732.7006167061004
739.9841674312443
776.7973324613731
736.0165546263848
741.4839134885152
725.1903959409237
742.6188840494453
775.0254412661825
737.2850466218844
742.5823206606889
739.437430374937
698.4330014819114
731.1186965254808
781.612655683651
734.6994061926941
733.7263368179517
704.2223193657456
751.0322654469304
735.9151639430803
728.2892467391049
754.7401755844751
805.741472119288
725.5050547511389
711.963157296191
758.0391888715112
718.3692983854961
735.8169832431864
704.6581903505182
781.538302395185
771.5046348327473
729.4295105778826
720.6172075264112
727.256854509598
736.039771127416
716.8145542753613
719.7681869645792
737.4364385175841
715.1183980727872
699.3902599608774
778.5617587946765
758.4702265725185
732.6178434014997
743.7631159279756
788.5524555962818
708.7079609003673
776.3989040927164
756.9272283473225
752.0171204011583
730.0483979292206
714.7585775973216
755.6674752588626
755.0617910516869
756.1187985693606
745.0254045361792
739.7585345820618
752.3801596130248
779.8460953830856
722.0134784606631
792.2815569427013
784.0539608800332
737.4084428011972
771.1456548320056
810.8354135468752
777.075340659257
786.0530690191574
731.5052972901284
796.5974121790144
743.3997791558592
747.7561285239588
767.995512532443
744.5173573555537
743.8635532819171
734.9423875263675
717.2843046777593
773.1068335664506
778.0911155536294
757.2138723423718
699.8969565513521
717.112956591443
780.8794912604029
765.4895361483437
712.0932898358733
769.589148080977
780.6054863365283
751.1096949683314
766.882556038889
806.4240520102446
771.4715880268266
744.985582153758
718.9249853915665
803.8667007995143
733.2682001122151
764.1632120691659
771.8234688122889
741.9442434626998
803.5211737638122
762.8022781818814
783.7832233788956
776.556109006266
751.5733097762494
763.7991537302672
724.943275873189
755.303689390255
731.8421112212997
787.9917801616097
784.3339084416668
738.99074088786
721.939591288878
742.9541211423689
798.5428831849449
753.0337277299092
795.6917010572852
760.292465142622
761.3783938237744
727.4141571247367
758.6538589546121
760.6532824506745
750.8472828960399
823.0851805493636
778.1116886555985
792.9407191997981
756.0499393283792
800.5107305939295
779.6400442898909
770.885083764428
766.3517767155952
773.122332071458
740.113854192022
787.3708591134671
770.1735671585488
807.7687660263462
723.3443760653719
756.1395366461719
740.0116388985783
754.3154519165782
691.9250613920506
798.4767817440012
783.9194362731681
763.1436657227052
746.0715148404568
797.018340069788
756.1849519039087
749.8012437955006
746.9703075096027
738.0198792479248
731.7020007018397
752.0443767391332
781.2811514764988
798.9441270505456
780.1421300117233
736.4241796117574
720.1948516951878
756.4848403097831
758.7143498096177
742.9261917577668
795.35094627355
777.5171973052659
763.7133997239664
775.8906640329698
772.5646785858889
717.167790730686
784.297502635699
790.3279614383953
779.6986493776616
806.8586901421434
773.6494661475283
748.9112712282392
765.6675342429623
809.8884643020996
707.5987760036284
773.1234603509237
759.8727823849309
723.1672323767785
737.9435931306386
794.9418049970793
771.0988150145843
781.4546859232576
761.0151369062025
754.3970956527893
810.4304185366431
749.1004855326677
794.102771107836
728.8396352216475
762.0966282747946
754.4407946487925
791.1900198405203
757.7598468470978
749.8931218581258
748.398160014168
719.5950479881498
779.2076444806646
757.0946879405129
760.435430954232
794.1084678523473
781.5950845336133
750.2639139505953
740.125753148297
698.5856614357004
779.3702825642846
755.399411719151
702.2617857047012
742.5008585691473
760.4888467789541
764.7822260770967
802.900232886799
782.7168054881824
762.2213331029702
771.6365200448327
771.7277885262384
735.9960798189338
743.7491694466937
714.146446513115
798.8921244345777
739.2787936404508
727.4465879981351
772.1432960622966
770.0732760696516
755.452281927475
755.1178501829061
782.6213309471481
764.0207830233928
764.2953157473935
799.5338159692096
734.7724016375179
787.6341162416322
779.8261355604259
768.2449176590421
779.9582157860184
744.2517789316656
792.1434606362357
748.9166449914497
748.583456648346
728.7799390833899
762.4889633451575
756.0192929519101
792.4192707781283
763.5745103221315
727.7917552882149
733.2655077662041
782.4059541994116
758.5763175909792
722.5803724512814
715.2749606778468
732.3523111064422
772.6816631409158
791.5381455334639
763.8281098068767
763.1140885206953
757.8908254937172
756.8130110755518
750.0280787071096
777.6115522272995
782.1758297287815
736.7452218654026
768.4394758107211
754.1485182526746
753.4018569880886
770.4496216690877
765.1951118840183
758.0376609386118
778.6529796653282
791.0297822286475
757.2018921376532
762.1908614057402
743.2532955944573
762.0247203790989
779.9455724572538
787.2667133755284
771.7449895106719
752.3472983363397
765.0992244792263
785.6557338757646
808.2821862293664
765.322721688385
732.4114431947094
764.4637147161955
760.8613661948046
790.9047429140182
721.913454048339
807.2044646938347
774.5748689772818
798.9608884358747
782.0147305237352
796.2772393538537
774.6052015390799
718.4045489850876
780.1727381224445
767.6647474033382
727.8914313945453
755.6825718984126
755.5906389214681
691.7523295922005
742.5619393987059
765.5119548290133
743.4018454537602
768.291016580062
777.5787847441968
776.1079652630712
753.8632729871384
765.8532838928319
798.7941574642892
754.746611222067
711.0360441831951
764.3170477888092
755.7446139245607
760.4680685137273
786.3381726032447
785.704135209952
747.017424689597
773.9126202688507
784.6616145002433
711.387483274442
750.8817288504325
798.5816428517107
745.7922624276944
703.285299890876
795.6530751475328
802.7880832058603
808.4761560971909
752.516213476451
751.5542394512815
794.5138552844916
721.5011440233059
780.2117464987265
795.2467119725122
780.0576525323054
779.437912764067
792.0545847039326
718.5041601968632
782.9663866896393
758.2044036352667
781.7117712798796
775.2984641416208
784.3443831063016
786.0283610028097
739.9223942643049
702.8876771154798
733.3681186625746
745.9463506223889
724.006712585205
741.2425573012936
753.8555960625647
715.5964685194933
798.6281654958194
777.0940149087535
781.7071857414577
760.3578998134301
744.197228772623
792.610977416963
784.8669586222611
743.5803793406225
742.5282428940043
751.8869478286131
796.267037490515
785.101003708162
744.7598389412359
794.0353794326829
760.2004584293852
765.7028165135983
777.5620103793889
753.3779828989796
848.6564559976096
821.4842080379774
759.6915964429229
766.1542185427295
769.9698384452666
757.5620332595747
752.3957274730061
747.746173350402
777.0513910361414
728.3572507603375
795.6362019858171
773.4108264106205
746.5702633239339
783.0346538734863
777.0384824813447
779.061569515269
783.8510311442283
743.119671834025
764.2899636692486
767.9045330359222
785.5523211760285
821.8127261917846
776.5428875982658
750.4755663589551
768.9793929702007
782.0942001986726
761.7680180219515
763.8434576369841
746.2298426747893
766.6565052587475
739.9677298217543
769.3179216420818
737.9418887164463
780.2268264937225
760.4005167097835
784.9135984813925
680.5670309497375
764.7464784408379
720.2074028677434
773.5965236733989
743.7677525460886
735.5436502355071
777.8092863563572
781.409782010596
744.0702174448036
805.5733303640109
780.6716772309426
734.4745564613385
772.3861501314392
699.6408240389126
775.9294849945815
792.0271954972711
813.1320184769172
802.6669375019961
767.1005916632662
784.3276160297996
801.1227736530134
738.9811492164082
752.8591709119697
785.604992932865
742.6715846391498
772.1129364566809
790.997362626756
765.205369280077
731.670112939584
754.9057163294192
774.7157481056436
761.5222374532962
814.0714586812261
755.7468916508681
776.2377396703291
774.9014664735696
797.0628883592484
762.1361131557925
743.64627495032
775.5213526570175
780.8904673206401
785.6887107454447
760.8391256107662
773.8277026081457
768.3925637837789
752.2331580396155
787.5508431264017
767.0980828870166
767.8447463863895
752.2494927874252
735.2147416092346
738.3919970510046
776.280826396513
757.173832408411
776.5523321366882
743.2806033734211
788.7242051053724
793.7198949229256
784.3963071639336
761.9600253305443
771.5690906689969
798.2228213915266
786.250865353015
775.9399773524185
831.2273188670895
788.2327210071113
745.7166343277338
776.7249229957233
761.0123487004155
745.96111377998
789.4624321051554
751.7467205153507
746.2774106404892
843.8087540353392
773.0177308360911
751.5862783524245
753.64915785126
797.6681370279484
761.1731242401825
760.4223413689097
728.4208563940102
759.7313449950013
708.2845485085637
752.6791318992593
732.6613309788299
785.4215642273085
712.2562084357028
759.6465140501416
718.4927905275488
820.1216963316471
766.8933483649937
773.4652768177014
775.6616819202408
773.2647408344671
794.2509224177978
702.072892555186
744.3818035990876
787.566466715517
761.767126053642
771.153567639047
794.7671331513732
715.3547918897004
796.6117738818086
736.6600845812536
745.9413440816512
789.1255037910234
755.276196340953
773.6132594245053
768.5849145636431
