628.1578839284064
698.5973354466564
673.8661155089897
681.1027319959313
710.7327401091268
696.3114693600676
679.329026965117
711.7386528728491
690.6492343895618
675.1146261177244
661.1422733698134
694.0011071241603
627.6611839348332
627.1062654658874
674.6548293119633
721.8126847512397
707.1966736214707
719.3491456042766
658.5869807212829
652.6425189897747
659.6158273962213
670.0540185256472
666.9102784704255
686.1305992846407
702.7159118665197
724.7241969833328
701.643156638255
678.7372101100211
724.7069003548196
671.7040260564056
678.5928843303568
632.3162615618666
670.3249301565698
696.4995270402644
707.7424266512706
676.0703819657023
696.1684673434182
695.5815480962901
707.954133473168
711.3988670285595
681.0831795342032
667.784785742704
682.7956180373038
693.0173533575954
687.0094417442326
667.6790784435019
690.7782249715228
642.2510750765477
673.7468603282449
649.7053516801154
706.8519944690413
736.0600890745505
698.2542639113307
730.9276977161601
647.7902349888767
699.3294504627842
668.9034711483952
670.6180629776909
723.9486186894039
666.3745611460289
685.9428987593608
691.1024212084811
631.9704416399627
675.7898568156781
661.3463031156284
698.172640125623
675.8721837048809
732.7458603028329
662.3354044674282
718.6130460185806
702.8275896632954
682.3716974749182
728.709720056451
709.4300936347347
715.2659979112213
720.1706883475123
680.2927283337823
653.5757113340921
721.7049251015312
726.6129805409485
701.638353964662
687.000619607031
750.7968285054948
679.8934239383033
684.0601554710587
683.6605370528459
684.5794915233348
678.6675559345226
715.3721577290191
719.2025127962291
712.0885885858271
645.6149731645953
697.519914574272
719.5573495012118
733.2491949587284
693.1511318490438
674.9838013171174
751.4548259709953
731.4816703095719
711.6666586137468
656.3394225025871
685.4760270018666
675.9085644204404
688.2267989866558
689.1830609088934
714.0410049921923
685.7800138943221
716.9907328308035
723.4255676847667
712.1052348845831
710.4635741743256
655.8637496275189
715.9070194128511
680.8782472076879
657.6147961464591
739.5419260991309
667.1900105999217
739.9291178078944
710.9434281922942
675.9002864033084
696.7151825854414
717.2014516919896
693.5982273131714
712.3389396010945
667.7702814622317
774.1259645540445
696.5054696424304
722.8512118766718
787.3282579165768
721.1556714458181
698.0238887240813
684.6866411057397
682.0109357538001
714.8717620196558
689.7955951223078
697.6528867838066
722.1468254470831
683.81230511631
693.0051102623852
718.4906470037673
701.8131652851259
672.61751168431
771.0150299663433
724.0975182532678
672.9822509910578
726.116854977773
729.2918306055637
729.0387100787699
679.9479161965968
701.6355881043444
700.1403761881127
703.1954770501536
668.3117203521654
726.5930516152906
704.5703629850547
738.4980222744337
700.6450146462653
684.7435069803817
685.2625357989874
722.2807318457131
689.4235888240668
732.1590201623486
723.0729280058496
721.2310455000589
732.8236789506552
648.4131379127748
705.1564516237972
717.5322664073288
713.6121807627693
704.0545126055315
694.6126606445207
651.5740616597728
766.6431295774107
678.733506949804
696.3236128399639
696.9109054011637
686.1497414066869
707.2788387727566
711.8257419462221
767.1145730671512
697.0943451797606
670.275962072685
685.9610196367247
751.4936716786257
722.5097576663991
724.9623244241227
680.2571890487754
728.1003156261188
698.9218407301997
729.2933835354406
690.1699479982545
741.0485101258251
708.9898135614083
708.9915851490739
755.7972986817098
667.4777590507067
668.233438203124
708.5311755877591
664.9050106355706
699.1045552555454
704.4104457025524
701.597808261614
726.9343403772746
702.0092846710716
706.0916942158083
658.5723451155204
723.1055812522136
693.5681923914502
725.5301569428209
689.2126137664993
685.6303469579808
722.4600560783862
689.3752276629847
663.767143323631
760.4029790185378
709.2604762929807
740.6075672540092
744.530526213734
696.4807523519577
736.2364790310637
674.6597295226328
716.175664819509
698.1573983018063
716.2365750500866
765.9286396291778
740.3247670534345
735.3748113501467
679.3887693994676
658.9640267552974
698.9364618774205
719.6381976241462
705.2311376580259
755.518874030781
685.6031412901402
713.4857614701348
731.2676337289131
693.2156234516258
696.0486924125402
692.9413344721485
698.895785619847
686.2011951762674
737.9530169023153
691.1064227026617
703.9774972616111
729.6391745323465
722.3627067893997
718.7532217610537
718.2014041077996
689.975719631326
675.3138885450517
744.5838616543004
724.9675160235054
766.6217567411347
702.7304719521887
719.3642989790859
689.686101835647
729.6434628416039
707.5351039691918
694.9420516263975
725.8626126860587
719.377057014561
753.3087514285595
682.3659968556656
685.2806614313206
681.1986743132964
747.6785882612783
710.3649720816736
738.6069672792511
765.976955046204
664.1483122289789
685.7047969608647
682.7374259102047
687.1357625668088
688.4134775900519
705.0576542740898
705.3500154745093
710.3006852928601
708.7534699995922
671.8365447502622
670.1668423406193
698.0037762484064
689.2516703340045
692.9630921296623
730.6232041281038
700.6300838249931
699.441611413344
677.1460465726059
751.6339841912793
756.4467051093796
670.8916975523615
757.5634914699023
741.100722826588
731.3033221083006
686.0452009666534
712.0081663028452
686.2420263438455
737.3531390970463
693.52583692151
727.7729459204452
745.5319918047271
694.4147765735099
721.0486484136952
711.1411907602767
676.2310450947004
691.580405041319
706.3777445113625
690.7927198324585
717.5741616635337
709.4110063474042
720.4389090541847
696.700277178532
699.7676510256165
711.6447991143137
724.7744924839388
715.789899385334
732.5714047850621
733.1418590137155
740.4365093082106
706.0340942584814
783.0459034807096
721.6892544898053
755.8997409981471
726.6175831085086
662.1932496488687
751.1974759048414
704.04672486511
699.1539753543899
705.6276164513846
734.8469989060877
691.3633270775051
712.057662883537
693.9319709031575
722.361913741858
715.209243847618
742.07986490074
717.6319020268868
720.2740317799723
678.8384560365323
721.6258315493142
683.9264333326151
669.2632960843409
706.9641284382035
717.1312101803683
726.434100453733
682.1147508533993
722.2237602685248
763.9466618075403
700.6001701577289
742.41563576134
704.4836027657284
734.1054147564008
743.3189568664105
688.2880326705844
660.4115610060489
724.747902217826
702.1979900421263
706.8082402726066
726.3743724990427
715.6343389549999
778.0387973688173
710.3156359853816
773.7056766027804
698.6663301034893
723.9879468318882
720.8976507542899
659.8916124444576
713.8557552606484
741.2008376058345
763.1094807620455
658.7517808029052
779.4542176916436
718.5179399443075
767.5251821568901
735.6142026115406
745.5254161335072
710.529605802771
682.3074043443311
727.649401949816
712.5790010838103
736.1904586258645
704.543561573681
724.1323089691616
701.3111210223361
754.0185501229288
677.7550049653455
727.5503995383852
769.2661580647439
721.758119580132
741.3856634492324
682.689892304855
694.174213169139
728.5609184797121
691.4993715012378
706.7500925988328
770.901002371832
763.5723441779553
713.5666492088723
709.0519344585502
714.6686769572204
713.2821531156143
698.6718478538501
724.0688789460886
705.076989634026
703.1036333886144
697.0826760339954
751.4740396855015
769.8087591908227
712.3715088192068
697.1807710989143
715.8400552887109
730.7190597183226
725.1884229429542
728.1249284393818
736.5834648743974
736.2768646988085
686.3783571866451
711.1013915501364
745.7705702834525
705.7007550018741
720.530433539449
730.0263349035321
709.9416555009117
742.0829745403299
747.7915809996405
729.9893009977839
746.9365651083747
744.5825483792565
731.4481324312054
743.6735354371109
707.8923904468163
710.1996194887786
732.6248222470637
729.6072384215619
706.4189737660473
759.1332414784563
709.1571165863353
695.0719116468551
715.8745512249931
716.3980792280906
752.808693918332
734.2776974421596
755.5023995458992
681.1454115594238
755.2663424794303
745.7939812351453
689.5278689477178
685.4631058705581
687.1160001756127
738.2609898236778
710.2091385451649
670.217207730547
773.1254605277015
712.273465410547
765.9514463341138
728.894189816079
746.4301218727176
728.1544500874073
754.5004437396822
741.0868675842619
738.2394414512609
760.1188451668928
705.3558680079715
753.5385710118002
728.4737045513214
758.7105723121007
745.3619067062798
747.2457838308769
717.8655098150768
692.9025302375054
770.0367222259895
752.7760854288003
795.0206305349275
746.5130446928226
736.3755467110651
747.1118825799317
672.2710645718714
748.045737711577
715.9496597318125
748.4972810691227
696.0693078529092
703.2385671784534
715.834865323466
739.546136782184
773.4246148305107
693.1179128263003
756.9451584751055
745.7573616359725
702.9535464869266
727.8222352450217
765.0195033672268
733.1494195826341
722.5864142902157
718.2896459799525
731.7898161421742
755.3804332136267
724.4152551619553
680.8385808395849
724.1565331097096
712.5066829774444
735.9661626586558
773.5901021729522
747.7015463928705
757.676484138397
729.8875876136602
782.8427462341659
728.1891054468927
745.9809361832152
742.2472020578412
719.2283414641549
709.7105656917117
714.1421869166431
741.291822514341
734.8280542205625
678.027736024084
766.8278524825471
739.8422755183524
710.6891582019086
702.4213799805184
692.6752367332587
708.3899712462785
748.248445381885
732.8708502010192
738.4671580899854
753.8924495318804
776.7324304227302
685.5675290292317
708.7574634811401
715.2014331759036
746.9701123796261
745.1880702847186
694.0967353628982
744.6114338507521
707.8813891645857
788.4621423485842
723.0243540735194
727.7860968666225
714.2532720797282
727.4176428322595
747.8205759461886
703.4140910011553
705.1736806145075
695.8438070183652
730.9893345111612
737.0708558576437
738.9096977422244
786.6307562350705
707.7203423397981
710.6799775991736
722.548670248663
755.9301095571984
712.837039861264
719.2978462296356
747.9176592132596
782.1566862306297
764.19137200622
770.6755212052783
772.8466510499569
702.9100937736016
729.1341774735465
797.9303764874078
713.8223323301665
750.0682453908552
739.0420854068184
748.6307033850118
730.0065235120542
747.8127201873681
721.3939038878785
718.6107805243222
736.3533120075489
713.7485962542745
702.659202204092
748.2296846807787
740.377880425008
663.2492058618258
700.5249496908516
754.881908066937
727.3390437318459
788.2737451707419
745.2228428698403
720.0828526305013
747.5617972860466
688.491570401415
720.3782977387293
760.8240977402772
737.1150244151571
768.3800031670955
744.6556757864735
780.9035154530317
726.1030168566094
731.1501918708743
767.3745033955025
774.5227974040729
710.1541410499825
755.2287019474331
725.1992228069244
709.1544825466774
723.2079935136734
704.650434604214
693.7704485068886
779.0859953044808
707.4653901829313
772.779574253421
728.0943390389964
787.5219168273786
723.6654428026951
714.5629400055037
727.32135501496
731.5401250807466
749.5235192604417
688.1832609686522
744.0553515976715
779.0261163369054
676.6315601663428
764.0710665916358
752.2327221655667
712.0922580436061
755.7194049253732
760.5472118425098
763.0898071008153
766.885745699706
772.1527040248845
720.0669891299177
702.0060646730377
719.11992325278
748.8726261852031
752.5527791175847
714.4391243825258
755.0555714601543
730.6858055932366
702.4096154067194
749.5575448466816
732.5660070945581
699.9119848204501
750.1414691110156
715.3499758932136
708.1770905877959
753.8414725508012
721.2185682649591
706.7030773661165
757.3186614476615
726.0730420269595
809.8355780048082
713.9700744819095
747.4460248900343
755.3026315098534
779.6290362859423
712.6594698246504
766.349369030586
785.0074973550943
729.1602963391877
715.2856042303637
663.7788985443738
727.0340321803449
707.7354564448063
722.1853275638617
760.5568827066747
718.2072058060123
713.8222459858382
743.1789442935027
664.7108601111074
771.8180855358098
696.588812371512
740.2847697999689
695.8368061659046
715.4839542690362
748.2911418534736
727.6260726116391
722.4499752107417
699.437283289888
682.6786753298668
733.5382149391814
726.6640962669388
705.6542944602577
721.4541969986861
757.7923978224972
694.0369340991042
702.2814436864767
781.3036932701973
766.6368596517304
735.7459573317336
732.6638816232845
781.6045765692928
711.3762088494884
739.8547240402701
738.0130944699516
743.2831957856158
747.3841510725586
742.1871380179944
772.0494822720797
718.5959359354185
737.0789747124315
730.9948338868982
816.4544734752735
750.929678921999
746.4743889403569
699.8164982471529
785.5538917865299
724.8953302439884
746.3308468037997
705.0074212851362
743.1865203976147
757.0619577734549
744.6834776324051
724.3759396967289
749.5192185977446
769.076457061872
720.825514705494
744.1229216182799
760.5383106309753
730.9655621122091
770.2755359402794
724.6490411580123
743.0566251610256
738.7223490694813
707.1494960986322
743.5880273147322
712.2586788918525
716.571275002992
754.4566681375982
733.7157354736189
725.6500361289387
740.3812453647677
761.5478817359206
754.5427573750464
718.1300313837727
708.1098158072471
733.251225318166
709.973428432715
721.3210676940977
736.2898282477361
722.9899544987929
764.3792052478548
738.9304982414276
666.8799319085729
762.3624920772455
726.6842787920566
748.4127020295336
720.020759437504
689.9578548679743
753.7050446535526
682.0946968076605
742.8230042538173
770.8305784234356
768.8729165790222
727.2430969467108
755.338684612929
742.3757719407661
743.1428444654065
729.4433891468783
763.188018715831
729.4863953842255
776.9596974817193
748.4462311631684
726.0216314693292
765.5592968628716
715.7766329268435
710.6803123077623
717.9624925390415
712.3609201950387
677.9054785619657
758.6562708790946
730.4180288901929
711.6485601263493
736.1024571360655
756.6403795317008
750.4210797637967
722.2846343134431
765.5800088538894
727.4015443741529
737.9085434181716
762.8362977654068
730.7504621976975
717.2429354833923
748.7245730388724
713.7625927136412
733.2733509531711
730.9618458060389
789.1119878606011
723.0746764958315
704.0682780814457
767.7668672103636
768.5148636480536
781.9528023061351
730.5831116618948
769.0595233394504
728.8871872174002
714.769030716305
773.2598334974643
731.8574725524888
774.120783318416
750.6802296638742
722.7782666353735
733.4083055939286
711.9022927473843
730.2400129205897
765.5119690858584
713.331445167035
787.7840538140783
708.3231382584424
717.1736675427323
761.3570455453408
765.6001258968263
730.0942398215901
713.2278631162179
703.4487527937748
726.0363429917272
756.9210767634861
733.0270466184105
777.9737917138098
735.7596549558364
693.435198390788
712.6748908476934
741.058665812742
750.6353604512492
729.7572041660105
748.6211007486539
792.455706164449
742.2759708131941
797.4431711237887
737.3994049850955
750.7503510987951
740.8609232150244
792.990068182001
710.2647462260474
724.6113404493136
720.1990728797484
723.238174921252
748.4927945635793
714.9512364537741
741.8684959054207
754.2050883784021
763.5743606936596
745.1285679163001
708.7727120638249
703.9966437819368
700.3682456002242
715.1103903118569
751.0286428644588
725.9857439894913
696.1763892385792
705.5888073623898
758.4508823683326
725.658202536406
665.3066208366591
