
6.957746478873239
6.671186440677966
6.508833922261484
6.308118081180812
7.1396103896103895
7.223684210526316
7.200980392156863
7.168384879725086
7.513029315960912
7.4950495049504955
7.225423728813559
7.7325949367088604
7.483277591973244
7.226876090750436
7.332794830371567
7.6924398625429555
7.814634146341463
7.6749174917491745
7.320404721753794
7.626279863481229
7.765273311897106
7.7465753424657535
7.643344709897611
7.745098039215686
7.706484641638225
7.6009933774834435
7.510743801652892
7.442105263157894
7.677152317880795
7.6192
7.688925081433225
7.457095709570957
7.1425959780621575
7.519736842105263
7.364726027397261
7.306055646481179
7.064171122994653
7.676328502415459
7.474489795918367
7.175652173913043
7.325619834710744
7.232597623089983
7.219178082191781
7.501639344262295
7.4013050570962475
7.539232053422371
7.4226086956521735
7.510268562401264
7.444444444444445
7.307563025210084
7.284511784511785
7.545008183306056
7.471947194719472
7.430976430976431
7.336079077429983
7.337171052631579
7.390048154093098
7.431561996779388
7.297658862876254
7.035593220338983
7.245762711864407
7.2325174825174825
7.400635930047695
7.162207357859532
7.2592592592592595
7.222591362126246
7.218213058419244
7.316037735849057
7.148936170212766
7.222591362126246
7.17206132879046
7.540498442367602
7.415873015873016
7.080204778156997
7.451827242524917
7.323630136986301
7.5073891625615765
7.388984509466437
7.259567387687188
7.342419080068143
7.112847222222222
7.173310225303293
7.3933333333333335
7.278246205733558
7.115843270868824
7.609120521172638
7.4991896272285254
7.311688311688312
7.374358974358974
7.119476268412439
7.230769230769231
6.932409012131716
7.304560260586319
7.253781512605042
7.457142857142857
6.962264150943396
7.227953410981697
7.231034482758621
7.457928802588997
7.5542763157894735
7.365646258503402
7.27287853577371
7.170896785109983
7.509060955518946
7.383280757097792
7.336683417085427
7.077586206896552
7.0
7.395
7.015679442508711
7.137704918032787
7.232715008431703
7.2452504317789295
7.343959731543624
7.275747508305648
7.132107023411371
7.496688741721854
7.4794745484400655
7.363636363636363
7.191735537190083
7.130052724077329
7.475040257648954
7.435275080906149
6.804311774461028
7.689922480620155
7.297723292469352
7.008503401360544
6.923357664233577
7.077571669477234
7.258649093904448
7.3305647840531565
7.004901960784314
7.45114006514658
7.341059602649007
7.548281505728315
7.5230263157894735
7.1819672131147545
7.420168067226891
7.118243243243243
7.357504215851602
7.189509306260575
6.9655172413793105
7.591679506933744
7.300869565217392
7.578099838969404
7.31810766721044
7.485483870967742
7.35236541598695
7.132203389830509
7.452269170579029
6.996527777777778
7.339464882943144
7.135399673735726
6.998248686514886
7.322115384615385
7.088285229202038
7.19283276450512
6.923875432525952
7.583601286173633
7.324459234608985
7.092198581560283
7.063651591289783
7.328455284552845
7.403252032520325
7.268976897689769
7.6045694200351495
6.944444444444445
7.430622009569378
6.879646017699115
7.331691297208539
7.4045307443365695
7.352640545144804
7.244336569579288
7.420127795527157
7.166392092257001
7.692192192192192
7.168595041322314
7.291390728476821
7.237458193979933
7.133093525179856
7.457990115321252
7.164948453608248
7.576736672051696
6.895093062605753
7.232558139534884
7.012302284710017
7.272435897435898
7.415335463258786
6.936283185840708
7.137123745819398
7.120898100172711
7.454844006568145
7.42604501607717
7.51900826446281
7.496845425867508
7.254019292604502
7.166666666666667
7.320197044334975
7.315533980582524
7.057724957555179
7.247422680412371
6.885328836424958
6.9
7.393548387096774
7.30622009569378
7.472929936305732
7.067826086956522
7.105090311986864
7.165775401069519
7.133555926544241
7.175523349436393
7.013468013468014
7.0462046204620465
7.385245901639344
7.101027397260274
7.292527821939586
7.406451612903226
7.432343234323432
7.262057877813505
7.1813285457809695
7.562021439509954
7.1375404530744335
6.9308600337268125
7.469421487603306
7.303921568627451
6.993377483443709
7.31496062992126
7.020033388981636
7.317195325542571
7.189233278955954
7.300335570469799
7.192708333333333
7.1544850498338874
7.2032085561497325
7.7040650406504065
7.2961730449251245
6.4877622377622375
6.972835314091681
7.546666666666667
7.550653594771242
6.819277108433735
7.324881141045958
7.437898089171974
7.018151815181518
7.529133858267716
6.9280936454849495
7.254208754208754
6.901893287435456
7.164128595600677
7.057239057239057
7.196339434276206
7.189792663476874
7.017713365539453
6.996610169491525
7.409539473684211
7.0898502495840265
7.169657422512235
7.219435736677116
7.208955223880597
7.087542087542087
7.445901639344262
7.044326241134752
6.920826161790017
7.489430894308943
7.001831501831502
7.369747899159663
7.016835016835016
7.447284345047923
6.898132427843803
7.391373801916933
7.029605263157895
7.058419243986254
7.026272577996716
7.220910623946037
7.234505862646566
6.675724637681159
7.0739495798319325
7.36698717948718
6.998220640569395
7.357963875205255
7.29064039408867
7.108153078202995
6.823728813559322
7.136986301369863
7.2324414715719065
6.860627177700349
7.2571912013536375
7.548956661316212
7.280467445742905
7.2961730449251245
7.36271186440678
7.302207130730051
7.14759535655058
6.865748709122203
7.25686591276252
7.22792937399679
7.05699481865285
7.198319327731093
6.977777777777778
7.228758169934641
6.858657243816254
7.245469522240527
7.4754653130287645
7.015075376884422
7.191986644407345
7.361290322580645
6.929078014184397
6.771929824561403
7.476725521669342
7.105175292153589
7.236453201970443
7.0941558441558445
7.092561983471074
6.909246575342466
7.161790017211704
7.264705882352941
7.059322033898305
6.888123924268503
7.067114093959732
6.947899159663866
7.028667790893761
7.223728813559322
6.897569444444445
7.337152209492635
6.912811387900356
7.451923076923077
7.1688311688311686
7.127399650959861
7.345541401273885
7.2243150684931505
7.341384863123993
7.163822525597269
7.444078947368421
7.5453125
7.033726812816189
7.180623973727422
7.5395569620253164
6.953846153846154
7.413848631239936
7.413793103448276
7.076376554174067
6.689119170984456
7.419773095623987
7.010118043844857
7.259868421052632
7.328836424957841
7.508038585209003
7.581538461538462
6.930463576158941
6.897923875432526
7.2799352750809065
7.239600665557404
7.396774193548387
7.067434210526316
6.866425992779783
6.75133214920071
7.239015817223199
7.306799336650083
7.262295081967213
7.167207792207792
7.1827242524916945
7.222984562607204
7.181666666666667
7.295269168026101
6.960199004975125
7.078464106844741
7.402889245585874
7.356230031948882
7.240924092409241
7.039249146757679
7.120661157024793
7.41588785046729
7.203947368421052
7.403252032520325
7.058620689655172
7.091993185689949
7.035593220338983
7.408064516129032
7.155025553662692
7.2954159592529715
7.092868988391376
7.224080267558528
7.097402597402597
7.2896
7.3493150684931505
7.0048076923076925
6.92436974789916
7.12
7.036429872495447
6.9568
7.334935897435898
7.232323232323233
7.4027072758037225
7.35499207606973
7.289902280130293
7.2089093701996925
6.893401015228426
7.148514851485149
7.283450704225352
7.24247491638796
7.361331220285262
7.3632
7.058441558441558
7.6201923076923075
7.246753246753247
7.188647746243739
7.428571428571429
7.2100840336134455
6.85
7.213058419243986
7.13481228668942
7.1082390953150245
7.173701298701299
7.303858520900322
7.035897435897436
7.181102362204724
7.3386075949367084
7.313291139240507
7.225749559082892
7.18298555377207
7.280936454849498
6.704830053667263
7.19
7.237479806138934
7.310954063604241
7.407216494845361
6.90443686006826
6.988175675675675
7.10732538330494
7.192771084337349
7.238500851788756
7.3683360258481425
7.30514096185738
7.295379537953796
6.954397394136808
7.2182410423452765
6.996610169491525
7.06890756302521
7.173841059602649
6.948630136986301
7.205172413793103
7.188963210702341
7.399681528662421
7.034426229508196
7.040983606557377
7.191637630662021
7.134304207119741
7.138333333333334
7.526655896607432
7.148936170212766
7.602893890675241
7.129783693843594
7.665557404326123
7.373355263157895
7.518461538461539
7.024518388791594
7.0916808149405774
7.3421875
7.353796445880453
7.114490161001789
6.887931034482759
7.070811744386874
7.3146258503401365
7.2
6.958123953098827
7.28881469115192
7.244718309859155
7.294827586206897
6.987272727272727
7.281144781144781
7.042444821731749
7.051194539249146
7.200692041522491
7.093537414965986
7.331632653061225
6.763385146804836
7.166666666666667
7.093145869947276
7.486363636363636
7.188118811881188
6.515037593984962
7.070469798657718
7.0216666666666665
6.917218543046357
7.178151260504202
6.97153024911032
7.344262295081967
7.420472440944882
7.200680272108843
7.475806451612903
7.215962441314554
7.156996587030717
7.197019867549669
6.75
7.010067114093959
7.043936731107205
7.270491803278689
7.205685618729097
7.096026490066225
7.21462639109698
6.9044247787610615
7.511437908496732
7.376395534290271
7.020869565217391
7.233898305084746
7.385123966942149
6.863387978142076
7.262820512820513
7.2579034941763725
7.185
7.084552845528456
7.280254777070064
7.2574750830564785
7.362126245847176
7.310569105691057
7.276083467094703
7.003361344537815
7.179054054054054
7.245033112582782
7.302364864864865
7.404605263157895
7.452702702702703
7.298986486486487
7.4
7.314662273476112
6.969178082191781
7.085284280936455
7.343185550082102
6.830479452054795
7.417491749174918
7.20125786163522
6.976576576576576
7.387149917627677
7.091639871382637
7.232114467408585
7.140439932318105
7.2550675675675675
7.291734197730956
7.367278797996661
7.480737018425461
7.3859375
7.3173076923076925
7.333333333333333
7.152027027027027
7.11896551724138
7.028862478777589
7.118055555555555
7.376470588235295
6.93781512605042
7.072790294627383
7.379527559055118
7.2144
6.8367697594501715
7.3126050420168065
7.10016694490818
7.089403973509934
7.47682119205298
7.430555555555555
7.355371900826446
7.4483306836248016
6.862778730703259
7.131666666666667
6.938037865748709
7.2547993019197206
7.198347107438017
7.323529411764706
6.8201058201058204
7.0903328050713155
7.421947449768161
7.286407766990291
7.246179966044143
7.3718166383701185
7.282926829268293
7.490291262135922
7.145
7.055183946488294
7.127035830618892
6.942339373970346
6.831946755407654
7.1925042589437815
7.36698717948718
7.168634064080944
7.26158940397351
7.221297836938436
7.264
7.239202657807309
7.185550082101806
6.830188679245283
7.339869281045751
7.3479674796747965
7.690437601296597
7.475667189952905
6.8369384359401
7.474464579901153
7.322368421052632
7.354037267080745
7.629402756508423
7.466115702479339
7.2248722316865415
7.080419580419581
7.163822525597269
6.9475524475524475
6.993377483443709
7.620426829268292
7.105621805792164
7.082077051926298
7.432203389830509
7.116357504215852
7.195840554592721
7.3517241379310345
7.165247018739352
7.423701298701299
7.580952380952381
7.528662420382165
7.06401384083045
7.445468509984639
7.133663366336633
7.035532994923858
7.183908045977011
7.336148648648648
7.3156199677938805
7.2130872483221475
7.607655502392345
6.961082910321489
7.17915309446254
7.11892797319933
7.402912621359223
7.021089630931459
7.126853377265239
7.037953795379538
7.136065573770492
7.097731239092496
7.257698541329011
7.31786941580756
6.966329966329966
7.322422258592471
7.2172413793103445
7.194398682042833
7.473684210526316
7.171009771986971
7.390522875816994
7.121367521367521
7.10327868852459
6.954248366013072
7.043624161073826
7.098827470686767
6.968067226890756
7.495468277945619
7.131886477462437
7.3283582089552235
6.941901408450704
7.200949367088608
7.3884297520661155
7.2724252491694354
7.365159128978225
7.12141652613828
7.4904153354632586
7.519672131147541
7.409836065573771
7.324503311258278
7.0120481927710845
6.889078498293515
7.353796445880453
7.204248366013072
7.139455782312925
7.252951096121416
6.901893287435456
7.435294117647059
6.903914590747331
7.421647819063005
7.219869706840391
7.066884176182708
7.486088379705401
7.12876254180602
7.239932885906041
7.157983193277311
7.013698630136986
7.09375
7.2827586206896555
7.197934595524957
7.008103727714749
7.453968253968254
6.838260869565217
6.976027397260274
7.3131955484896665
6.9397590361445785
7.597756410256411
7.441679626749611
7.14827018121911
7.4372019077901435
7.383495145631068
6.921052631578948
7.0673400673400675
7.550793650793651
7.131666666666667
7.313408723747981
6.857385398981324
7.461028192371476
7.157167530224525
7.218649517684887
7.4772727272727275
6.892205638474295
7.410174880763116
7.270833333333333
7.171717171717172
7.206322795341098
7.157094594594595
6.940298507462686
7.476923076923077
7.249163879598663
7.157894736842105
7.5048076923076925
7.3392
7.226171243941842
7.03030303030303
7.2564935064935066
7.105084745762712
7.2823529411764705
7.177852348993288
7.266778523489933
7.628099173553719
7.048465266558966
6.974137931034483
7.075125208681135
7.237704918032787
7.322847682119205
7.568037974683544
7.284033613445378
7.2512
7.200647249190938
7.412151067323481
7.101806239737274
7.245315161839864
7.4573770491803275
6.962566844919786
6.898305084745763
7.168039538714992
7.161290322580645
7.35
7.1358428805237315
7.030456852791878
7.2386759581881535
7.289879931389366
7.036184210526316
7.204582651391162
7.223127035830619
7.43338683788122
7.208121827411167
7.185667752442996
6.894830659536542
6.941373534338358
7.058430717863105
7.15609756097561
7.12540192926045
7.384745762711864
7.1911764705882355
7.3446519524618
7.094754653130288
7.416252072968491
7.1289782244556115
7.005119453924915
7.4457236842105265
6.856893542757417
6.926421404682274
7.186241610738255
7.138842975206612
7.428571428571429
7.153465346534653
7.148450244698205
6.91653290529695
7.49748743718593
7.4047217537942664
7.061855670103093
6.917667238421956
7.5072697899838445
7.093103448275862
7.451986754966887
7.391376451077944
7.367549668874172
7.1430921052631575
7.607142857142857
7.246688741721854
7.202265372168285
7.367816091954023
7.11340206185567
7.284525790349417
7.114081996434938
6.881956155143339
7.129411764705883
7.229235880398671
7.211169284467714
7.087947882736156
7.515548281505728
7.029668411867365
7.247588424437299
6.768402154398563
7.238421955403087
7.055091819699499
7.164685908319185
7.196610169491525
7.349102773246329
6.956597222222222
7.220421393841167
7.075949367088608
7.231418918918919
7.1331058020477816
6.901433691756273
6.933450087565674
7.04180602006689
7.196825396825397
7.208191126279863
7.222222222222222
7.366554054054054
7.297124600638978
7.316720257234727
7.401652892561984
7.210440456769984
7.474916387959866
7.318461538461539
7.225042301184433
7.133663366336633
7.260032102728732
7.142164781906301
7.061588330632091
7.235
7.175806451612903
6.933006535947713
7.552674230145867
7.465346534653466
7.169717138103161
7.034013605442177
7.001727115716753
7.027444253859348
7.287781350482315
7.062394603709949
7.4212271973466
7.140983606557377
7.4890282131661445
6.877551020408164
7.070826306913997
7.302931596091205
7.148083623693379
7.282218597063622
7.410828025477707
7.212662337662338
7.136054421768708
7.179930795847751
7.266115702479339
6.839041095890411
6.827027027027027
7.358552631578948
7.181364392678868
6.988372093023256
7.237012987012987
7.024305555555555
7.353968253968254
7.122923588039867
7.080617495711835
7.051457975986278
7.190556492411467
7.296540362438221
7.085763293310463
6.911149825783972
7.376666666666667
7.086956521739131
6.927586206896552
7.652373660030628
6.830188679245283
7.275862068965517
7.244299674267101
7.284982935153583
7.478537360890302
7.488636363636363
7.2582236842105265
7.537267080745342
7.137221269296741
7.058201058201059
7.107843137254902
7.143094841930116
7.2098360655737705
7.21486268174475
6.936206896551724
7.34640522875817
7.748427672955975
7.454397394136808
7.2639593908629445
7.349593495934959
7.001694915254237
7.589171974522293
7.577287066246057
7.153333333333333
7.276948590381426
7.028239202657807
7.3797678275290215
7.10573476702509
7.264214046822742
7.291118421052632
7.521604938271605
7.233722871452421
7.023372287145242
7.0134453781512605
6.890756302521009
7.020979020979021
7.367622259696459
7.319467554076539
7.095959595959596
7.321144674085851
7.185059422750425
7.33387358184765
7.395833333333333
7.325842696629214
7.013559322033898
7.232558139534884
7.253289473684211
7.265993265993266
6.983579638752053
7.336025848142165
7.239737274220033
7.431089743589744
7.115449915110356
7.4332247557003255
7.306020066889632
7.445337620578778
7.17206132879046
7.2735191637630665
7.247038917089679
7.114139693356048
7.199680511182109
7.148692810457517
7.080133555926544
7.1084745762711865
6.96283185840708
7.274636510500808
7.18212478920742
7.3267651888341545
7.061433447098976
7.098389982110913
7.295566502463054
7.153198653198653
7.258426966292135
7.47
7.310965630114566
7.169129720853859
6.725388601036269
7.104906937394247
7.2325174825174825
7.2
7.136065573770492
7.465890183028286
7.401666666666666
7.008680555555555
7.25542570951586
7.2322899505766065
7.152823920265781
6.876712328767123
7.052013422818792
7.401069518716578
6.964824120603015
7.370426829268292
7.251215559157212
7.0497512437810945
7.023972602739726
6.959595959595959
7.228813559322034
7.116693679092383
7.205479452054795
7.256198347107438
7.265886287625418
7.1066666666666665
7.202875399361022
7.246353322528363
6.866548042704626
7.3107255520504735
7.091370558375634
7.464516129032258
6.784452296819788
7.142857142857143
7.204778156996587
7.339682539682539
7.024875621890548
7.153589315525877
6.853448275862069
7.222961730449251
7.042517006802721
7.334967320261438
7.290969899665551
7.13013698630137
7.061433447098976
7.027729636048527
7.483922829581994
7.415185783521809
7.115120274914089
7.222036727879799
7.249180327868852
7.250853242320819
6.772477064220183
7.2063492063492065
7.3625
7.071307300509337
7.409309791332263
6.993103448275862