
192
141
121
99
198
191
201
172
226
231
198
261
241
182
210
236
271
244
210
217
278
251
222
245
230
226
224
212
258
247
254
222
169
220
205
215
181
244
216
169
198
181
190
215
206
237
194
255
225
208
193
228
231
217
193
215
236
228
205
184
191
191
220
192
201
196
184
209
206
193
176
247
244
186
226
197
220
194
187
210
162
188
208
206
166
245
221
201
213
203
183
148
206
208
222
143
190
189
215
228
191
199
190
243
225
196
167
151
216
155
189
200
186
194
184
176
236
225
220
188
169
208
218
168
263
179
157
163
176
191
200
178
218
204
235
235
198
190
194
198
194
163
255
182
253
200
232
208
179
241
150
194
198
162
205
194
187
154
239
200
165
174
218
208
196
236
153
218
158
205
216
192
201
231
186
283
185
193
196
169
229
186
240
145
202
165
200
202
156
184
172
203
232
229
227
194
190
216
222
181
191
176
147
217
222
220
165
194
175
193
199
173
185
225
164
211
211
217
201
184
268
183
176
222
218
162
212
157
191
189
186
174
191
174
254
193
116
168
226
227
153
228
230
154
237
176
198
147
192
174
177
202
177
174
214
184
202
228
190
188
215
166
171
231
156
217
176
216
154
217
162
157
171
191
191
128
181
217
146
196
213
177
144
178
188
161
205
219
211
188
201
198
181
158
217
197
171
180
147
213
137
207
225
175
194
217
139
141
210
193
206
192
179
157
187
194
174
152
169
169
165
177
165
222
146
226
199
165
224
196
222
179
217
230
168
199
240
153
234
219
178
140
235
160
192
209
215
246
165
155
220
195
213
183
147
147
182
209
207
199
178
196
185
213
153
160
205
207
202
168
183
240
191
216
183
180
191
215
192
204
196
194
186
197
189
177
182
197
159
183
210
197
221
213
201
230
171
176
187
174
221
211
183
252
217
188
217
182
141
188
182
179
196
210
161
207
230
199
195
212
186
140
176
205
193
208
156
168
184
179
195
227
195
230
183
191
152
170
188
146
176
185
232
164
179
187
190
206
234
198
245
187
246
209
264
163
195
230
221
168
163
179
205
219
163
208
185
194
159
199
183
176
171
176
201
147
189
176
249
202
112
170
192
169
184
180
199
232
188
221
203
179
191
140
164
178
203
184
193
217
155
220
217
160
208
202
132
211
192
190
180
208
197
202
210
208
150
181
195
189
215
218
187
217
195
162
179
208
152
224
235
160
198
200
216
186
201
213
216
201
223
215
212
182
176
160
187
209
165
183
213
208
146
202
163
203
216
233
210
219
156
188
155
185
183
223
147
213
231
205
197
203
207
235
200
178
188
172
154
187
221
194
209
204
212
216
203
155
195
217
240
225
161
221
205
228
263
224
188
178
172
170
188
253
183
169
221
178
167
195
174
216
247
245
167
244
183
179
199
199
217
192
270
177
205
194
231
164
186
176
190
170
200
185
162
184
200
186
231
204
209
197
188
179
182
195
176
259
187
194
169
213
209
195
196
171
232
235
211
196
187
156
218
194
179
197
170
205
151
217
219
184
233
186
203
183
169
174
188
201
197
211
158
148
226
165
239
230
212
230
202
155
179
234
187
209
133
228
174
190
232
149
232
207
187
194
189
155
219
196
202
228
208
212
199
199
183
212
194
176
243
183
168
184
203
205
247
206
203
205
210
171
196
214
152
160
165
171
184
188
180
180
195
176
200
208
228
191
182
149
175
183
205
175
206
201
194
187
200
206
164
215
152
176
194
187
233
199
195
155
231
214
179
135
230
174
220
198
213
188
235
193
192
223
178
188
168
158
181
177
187
179
228
157
201
143
193
195
205
190
221
159
191
172
187
187
143
162
162
204
179
198
210
205
213
217
198
206
234
201
199
200
198
189
206
200
170
227
220
194
153
186
175
210
188
232
206
245
153
172
196
174
206
225
204
174
174
217
166
141
212
186
177
199
188
203
195
191
167
198
206
187
153
202
154
135
268
146
205
203
184
243
229
198
230
186
164
187
187
208
178
155
220
244
231
183
201
172
229
247
170
193
200
194
182
214
204
241
176
181
170
163
177
216
193
178
204
189
220
219
222
167
192
207
183
181
205
186
226
180
221
212
238
172
197
192
190
198
195
167
176
152
213
177
196
178
175
213
172
225
206
205
185
144
194
181
202
188
221
219
167
202
210
189
165
172
188
167
237
220
197
168
166
176
202
190
194
188
193
200
200
148
200
197
226
148
187
189
229
182
180
158
199
172
197
201
173
181
162
236
228
190
189
227
182
130
181
218
180
234
165