
262.9586121036898
252.61946538231138
243.09758071202023
225.93300523189077
251.9222446580975
253.17152237092606
254.89241149911845
245.57150981735253
243.7880578630648
249.456689335818
243.24605503204776
263.1081869812043
247.14081599006346
243.42492664033344
250.47077506725128
239.0447518855064
254.83504648001843
255.71530408037702
246.7836348892908
250.69826370395486
244.47552574529806
253.00481793876006
251.79442968627927
263.7939918886238
248.1582945060141
259.70221801777984
258.8413357962429
245.49000247077362
253.8427080067244
269.4189789502085
265.23354655752803
261.1181256627948
249.37322896306313
261.22042685404165
261.7207498719752
271.233732821791
250.17194736953948
277.3769670615426
273.450237205932
266.39192842730023
283.34029921104644
266.33184806047285
267.3913109586815
277.3132507698241
275.498073098471
274.2140479135236
270.15105496421285
275.12022835265907
279.31456626499494
265.8691219606747
271.60291173906984
272.7104650184902
270.48819217487073
269.0270443139912
279.8581538507792
277.08992297987703
271.9981925259471
275.5817468251731
270.2515265981216
256.96102799091557
272.8619433773403
252.2806321427403
276.0518300606512
271.71963543223035
265.023327737391
270.28446138272227
258.494142987758
269.2573400931902
262.2576529456203
264.9339644745069
270.7194472389425
271.65823937933277
269.1816283729054
253.28812290499428
270.0528139210163
263.34433638754183
273.93298552310705
266.86923262384755
269.56104479163713
250.27450844441836
258.33504413824573
261.37668160497594
272.96708758238304
265.9858407743319
263.002322215205
274.64058943079107
273.7186190774449
275.900703717988
259.93193731561496
267.1463410269881
265.92322712938414
261.4677975177629
281.4320776730243
262.62599692037793
266.23516305798967
268.4241633384454
278.93312363880744
262.9356872598611
276.40583960977256
273.6184848296635
266.33873649144203
273.2688475003568
262.3210540684921
263.5246857451935
272.2308243238814
271.56486475769714
259.18412130315596
258.93216307368704
266.4819685855945
253.75321417806475
278.9666607001126
262.8134819767507
264.1147320046459
267.0426634417422
277.80411329846027
264.8777658884259
264.9531403306171
272.15428162597453
264.87295615970186
275.8785656317714
262.86638571167884
276.2456926351827
278.1606088020551
263.39768654929935
286.9682679531287
256.729973516511
273.8577550302567
246.134157947521
271.2407976018111
272.95551315097157
276.92513132938495
274.54291537961575
273.3755978892443
271.3330805947986
266.32175435310467
259.3503253062337
284.5873963162453
280.06117952200754
262.301621790248
273.75935569861065
256.11521361918756
261.5885268110812
268.4441075936318
267.2685091130368
265.03209816290706
275.7516061893954
275.80351379209685
273.301807989173
261.6856585987748
276.38451885594577
259.15932726759524
264.08350194337845
268.9231838487334
255.93727568963112
281.60648915164256
256.84643029374763
262.0382642676203
262.99809279080847
273.36029596344895
272.6318472419494
251.46291119847416
272.16435501979174
265.14349345801327
282.11071413900606
275.06386777795467
259.97265370200586
266.77304642210936
275.72601162813424
254.33580268135398
280.86230876443045
271.42283452205214
261.3536851274623
271.3750782561014
282.072443888881
272.82567135092916
282.8639974900875
268.58170216838215
272.43000031018204
268.89884638593696
255.69891366129633
275.9766210953584
262.14974337940646
277.60196288566965
273.8981368551165
266.9567710743758
260.0189794526045
281.63604735860355
283.21074267762447
263.2959611320469
270.5321964481926
257.6222159299655
275.0183590100752
274.19358728187154
272.34712866546835
278.2302168876813
279.582351915407
264.2948557109423
272.73449677771754
270.8973761434666
261.6873075765004
268.7852062129722
265.726245133674
256.6224293860026
276.28949300840446
276.20323761519546
284.357126709852
256.3542166368343
269.66687185233644
259.7630421379621
266.27607794800826
277.36680003116237
265.75965887696213
269.8684947617422
265.1972803744545
271.5765910750397
279.2713180513287
272.7703583539901
271.3873105037361
272.27619338414786
243.32121611775833
277.8201835373971
271.3284547885746
259.4703886569913
269.82588447042355
269.5634265842813
269.4651570287302
281.9893781605134
269.1845514035901
267.06130287804365
271.97019520552846
267.91532391081216
259.76855210624655
259.6445313659452
262.76517089419394
270.1153543494669
272.35922075459496
253.8430949039222
265.57341565688193
269.3664433648952
277.0079201296412
249.9226591965666
277.62105544717633
279.70365159912325
276.4428047876157
280.28414714633544
257.3614352605876
269.4894160189716
260.9526618708468
259.3780695350587
268.16537068423906
275.9928143316421
277.0209768251701
271.6706118218632
262.78217455981047
272.8453358652866
262.4696716391596
267.42791159732445
275.9323204775116
269.8906538131397
262.78540805576114
267.54879086596924
261.56525785288034
263.78379642194204
278.6806313945257
252.77511012033497
254.14026852097103
264.3636817828891
275.44199114455375
267.9044484297956
277.33224348639726
269.96175638898103
268.8050569426373
268.1773503371422
269.54978699843775
268.2276385162784
257.78534184142916
262.4730777533089
278.03878237949294
261.9828255721364
273.5474288013523
280.364898671915
272.3226290439826
262.3963388516096
260.19027564262285
270.1347958317301
248.137155287704
259.7091090707252
283.5609165748375
267.22137622778513
273.11620427531034
270.5986695244634
264.96866697714324
270.62537047735316
257.79888399988323
276.55576027557095
271.9481345998994
251.323314530432
267.4740711703313
248.2327831308246
265.63784073388393
253.67890839331363
268.30489398697847
259.6858409062212
274.56612624751983
268.39171590112386
272.38858774906487
263.91663175938663
262.79799097887513
274.05852470229627
271.23103740643614
265.23193380489244
282.49480993740906
269.4879492134604
253.43216517806087
264.00669610484186
268.79249022993525
267.51721284628536
263.24774100471825
269.5577207312167
263.2110051220526
271.1621494938289
268.01176993425565
256.50361364769935
266.40859621694887
262.6543251935767
270.46498376135196
264.9076086700012
261.1132849429772
275.4409407850498
256.5079901300651
265.98172926028946
265.5863189990512
279.0631755554996
279.4573032076902
263.45258279564285
262.8269514260553
276.70621486283
267.3973552496146
269.98559993437266
280.66607151913405
249.3167372661445
258.52254301254084
269.5068575893921
265.80355858326686
271.5980509706498
266.365136983938
294.0405465186248
282.1167111182757
267.2121634846986
261.25428642077793
268.742805495251
270.3316578856149
279.343863180272
267.07020896994135
250.80666145793558
254.59112586320356
260.8289544100508
269.2342740814932
267.05980586248944
274.21163758559953
278.48807244304487
255.49042412290183
265.47479325234417
266.0410356500076
273.96500090397865
270.52158703033916
277.41517451216913
283.7468279588084
264.9913762671533
261.8711956202599
268.0699111623325
277.5287312081208
274.4707697224304
278.23384253086834
262.1111249986171
253.99721626422337
257.4885089494684
273.8393421165703
250.82414553963457
266.419706761502
260.83677131957495
264.633448089562
276.3647484804328
279.45735475008894
260.56552880244965
275.0716330631396
263.00028868400705
271.33068439968764
262.6237078259151
274.5652486254648
276.6941429916976
264.7715604982194
262.04668185161233
279.0584468540467
276.30050032644283
269.58083371812893
259.95217678141745
261.06948962678155
255.88416738281362
274.9747645677955
277.1603967483354
277.9873413488418
269.316565040672
277.5445590989075
263.74771865173034
270.29299324354724
275.2267760913954
262.2126041203988
258.8037219247801
265.38780799423023
262.3707702416433
278.0411299383805
272.0023512113632
276.5448422212161
260.12315005674407
270.21745240353914
275.95850994290964
282.1158864593504
255.50742186387092
273.5580276710782
272.5493383008817
246.55072716713062
265.9362864510641
266.7553849039235
254.50391715788206
252.08849624348096
269.1339556104273
258.3168446179636
263.68457404396383
267.47993102805276
257.8038473778105
268.7416431629682
275.56838366710383
261.4649342274521
265.3846249489189
271.1294953451496
262.4034338353112
266.78735733731594
266.2651517551518
269.67133901933346
260.05996317755006
261.9839860196788
272.705926509333
276.4487685390681
277.2886085191887
253.35978424498202
274.2973414634452
262.09272950810356
276.6152143506147
268.60067045750577
272.24141799922404
263.51599434849265
268.4693364786093
267.36822480283126
279.3690658382172
256.94326959934193
254.34278044770727
274.10556454727254
274.26942550452117
256.22988569027854
251.89524432475704
257.5042567468471
259.15635104542116
267.0895209717357
265.9511483348143
261.01359119667
263.08812627340666
266.5072051504929
244.58952865528062
267.53194182747825
260.9749036390254
255.08232164570262
262.30547103494985
262.5815260212099
259.365182542307
255.9252720693377
268.3642787478226
259.4432232509219
280.3027131553312
263.5604909532882
245.8001768959995
267.68592079351373
260.1007953432288
268.8967378249123
263.8313415985043
247.3937042639487
276.51792381918614
273.3795175518472
267.9989646900211
274.3842200712212
277.81219143105574
270.7927374100732
272.0294841446543
269.8564382767701
266.3094890669048
250.74771808175632
264.42953063282096
266.4492228065227
267.2406689373955
279.11413161047886
253.4923114420441
271.3673016023633
278.6791499291864
257.78284501387793
260.6064154784764
269.12984197739775
250.18699248646558
271.19040998099956
274.9660042599405
260.61241059095846
266.96530011283915
274.5498151073965
269.90933919610296
274.01455489308483
263.9398330408295
277.3905084681574
274.3875685341112
271.89594787410203
273.08200927947905
271.10183418322276
263.5618135524053
264.43833517696316
270.7760131506981
269.35813635149
270.4122013576961
256.20868238339267
267.3662403544612
262.0488317709905
265.3080672098345
259.9156369462851
274.7143638472386
250.6970394111398
278.33531381220797
264.8427956781547
264.0497365581458
266.5548514971316
259.1762152411708
274.1887134652645
273.5123048470092
277.0630981326657
282.17457318344543
275.3097382332103
274.125274015239
260.3177227767322
261.84086776174223
263.8165390542323
257.3708898592438
262.277207412331
262.9520780484874
248.19832779876765
275.74805680088235
277.85773683626655
256.8583126975347
268.9909462871243
272.8987141581203
266.5408572362372
268.1919176188309
283.58540769070646
272.0405481578375
275.313796065556
262.16335526318096
269.5490146707077
270.51233009157164
258.4622934428539
275.65202289700426
274.04769776165506
256.75817620872
265.30377264175684
281.4760334600351
272.2653917134009
263.72264503826085
262.2887771451559
270.26624916355297
272.5510746458461
266.4127240715292
270.4028180950846
270.97366404417244
258.6026734855155
262.5849340900567
263.70162646602483
274.35289098692135
265.3276241955023
272.5055797190226
269.2180147507905
268.6252271523401
268.577069792614
264.24794127371683
260.75573114675257
274.4985924677013
272.09002607518255
270.2087636057931
289.334069083973
271.4718538582671
272.42965749800686
273.16508701950113
281.8280220224642
266.9686458019342
274.3559014807201
265.4705680937535
259.81248986874147
265.0834562233502
255.44280812904805
264.48097815177186
283.82489572625093
268.41557612152735
276.17779303166196
256.99084312771646
267.0301698639238
259.81082649811367
261.53711464303586
264.19315073268115
270.9407340192715
277.9724075494197
273.12581134967917
255.49019520922064
286.71322856424615
270.1727447634293
263.1623906407836
274.50509169487793
268.30870839444344
266.3132476006969
264.76801371167704
270.1717811454164
260.1980959043164
262.01958385815277
263.61904108314513
263.2606506357059
256.2302843022903
266.2414612342808
267.33561701913686
261.7868610485597
263.06656223130733
269.75312442144116
262.5640682761317
261.5250806132728
280.3957676672984
260.28814725308365
271.242896368354
276.3174618487743
272.3134195189454
276.7596551733028
257.13040993072644
274.77450464811386
263.2864216022027
269.01734166013
264.37795260978646
256.85710484489323
283.7360361915303
262.75008481233954
282.62615325260526
252.9776946006653
271.4135222264041
272.08055365596266
267.8630954964478
272.7975189415111
267.2224425251155
269.98808979010875
262.84335427796293
270.9862141384634
267.8059291165885
249.1807031109184
256.510072563865
275.29392734447157
278.2743065170123
271.2882592943583
262.7240167262115
260.34211450010207
272.85009682324795
257.9396863886722
268.1081642272399
262.6558660126732
270.96381751026195
268.4148419640077
266.59237288216707
260.36446911630986
267.95840423362836
255.36123162004392
266.95329569203625
258.85805113946526
262.4475942099764
268.367895188121
285.92265456324395
252.44697145090868
265.4340392213463
269.7365936925681
258.7582276002183
277.5991250233361
279.5552268012783
256.9430823992276
274.9131412283336
281.75462912353635
259.1639749538562
268.180169108589
290.30146237884446
265.9210907682601
284.0367715083772
266.7339681579088
263.9237640604014
267.1645243417201
279.24951788515506
273.2528458761518
271.79655608827943
268.98128141438843
271.1202670897
264.50193939866386
268.91692735737286
259.7777900066884
262.36641554819914
266.86352989432754
270.2689742834786
265.7090551725666
272.35826159557166
282.01734199257186
268.08571006360387
269.1756490951333
272.15828052032606
268.7076721745818
258.7865463271592
267.1406008291923
267.09765839842333
263.94451579713757
273.88281417639143
257.22548759776816
263.4200386799088
262.31434355435727
267.10729508435026
277.06612516536507
262.22184603963615
275.6010224252008
266.13365697277084
276.6630346266054
271.6944904158505
266.67044520845286
270.6890742118752
254.901833375252
266.69266939837786
273.6574427688655
275.89389079010226
262.4909074517576
271.90693639961796
270.62896580475217
258.91768569983276
269.8418800743535
276.4443135403309
281.45729442084087
272.8835483474046
276.0448446124383
258.74493018195363
271.7527190380508
263.1146612805759
264.8129983567675
270.41794719998154
262.0403497221644
285.86416601698807
269.5151117813992
268.29487107459875
267.6925620912265
265.8025274265095
275.86633544267113
255.01003206783403
265.6370559284413
279.4408158609498
254.9048021140906
263.33046882367296
264.2060948878066
270.2069048657412
281.80778893415334
264.58451075407936
264.77681715447727
280.0692568616782
266.7284076144995
267.2530980166854
260.3969333057822
277.208829661835
275.83896411726096
262.0905308655189
273.95420635341986
282.6761985707566
275.6992528337294
286.51591352150433
282.0672933182947
274.457608548784
274.64135370533006
268.89859684392275
263.3130275292786
276.66590415812686
260.68890489391043
262.4285715072239
262.7906335121414
274.9123492514153
261.6237260901149
273.26712699061005
274.799944163145
263.871053420546
274.96861020687373
251.4296241796491
264.64586517044756
261.4177585599925
258.2826489544395
272.3472899896312
273.3672600245688
256.3088730132796
272.77341542881476
250.51636193016566
268.37934007701585
264.4645819808278
264.60935738409984
254.47061933800006
271.4944272835511
279.13605114525325
268.7739062321039
274.74135973864
267.0208374094096
277.12277303667616
268.75867822582563
267.49380456060436
266.96052691827015
267.4558200719338
281.69663099823856
268.5101887341485
271.2052504370445
267.0295760824039
273.3856368560859
269.32797363531597
267.51830244803375
270.40057433832874
268.42436679691235
276.9222018773459
280.4367703220686
261.67218296345175
275.42344106043885
252.37577857700876
253.6981872040331
281.28464172411725
260.3809652691196
263.584899621013
266.5762666003424
271.7113307151541
259.54983726216904
269.19428931528535
272.73991677228753
267.30689361879627
275.5497678355075
276.79377543710996
278.1376959403816
272.22574790569485
255.61892800802775
272.86050887707137
258.5251710391282
262.5189704102455
275.30755204120675
262.2756038814252
273.9509924325926
277.01694689769636
256.5416202187995
280.75714234414664
268.0269218982518
254.38422309236702
265.4249287777051
257.1290432645666
274.4455825760741
258.0816895625844
254.2348206718728
279.50320007588783
262.77606187789587
271.88981030802626
278.6230362671353
262.409535354972
263.1707022426003
272.785494156724
267.7734664051747
272.44094813141936
270.0627842393536
261.674276727309
287.15169039219825
255.2194339360618
255.16736855927473
271.0526684009072
269.3663080992117
257.8327379935232
273.24461751575967
270.23702651440885
264.7390947117143
283.2007706981493
273.90724884843917
268.0052769054422
272.27074704043747
263.9047759669173
287.1936277095981
280.76863252068244
274.98170156737467
275.89499924434733
254.2041830232635
270.94857982463884
241.6139555247201
261.71934766042216
268.69672674659415
269.83494283415797
269.3490597379762
259.37094570960926
261.1371108998384
273.36189756294596
251.73212320924554
264.10393543289905
272.9458160253248
259.97360440077443
278.3599105077002
266.47308762420823
277.0933234488401
277.0094171403343
262.0672903558775
260.9734378741541
269.2346151760975
273.77073119776946
274.32294815542457
265.504430842135
278.10083307062644
278.8958066885656
271.3313531720437
264.90842987678195
265.51688217678964
262.6371959789743
262.3591282319828
274.03562308412893
265.34101369461166
272.989323957151
258.4989466788944
280.18929092274493
269.77072936664405
274.8881488673761
256.55148225802446
261.3595237386686
267.6564511747995
261.8434103677297
270.1990109820395
257.3099040491917
251.0630860626455
266.0523404470298
275.23516044682395
273.81166395682374
276.0874108054035
277.034485634352
266.36548435969814
258.60884339463524
262.392568228635
257.5717256600492
273.6462392830432
266.091545173319
275.6866805299731
268.76182629630796
259.0044833067062
261.74691593811036
268.21288076380597
262.55216768787994
255.77414958345375
265.912572254033
257.8644325402969
258.4996370726733
284.514983500997
268.79039159806524
257.3880562832554
262.7395344402056
273.7837502317069
278.03875235027715
273.1522114736362
259.55165700242566
275.00585803350026
264.3781342301664
265.22414755055775
281.23840539260766
274.03546796514235
255.14952805381873
287.0484088108249
256.67084858570104
266.8418654444831
250.35950513604058
276.05903548518677
271.03440283921566
277.3201324451714
259.75053682536816
268.9306597551818
256.44038241946134
261.7976190922678
267.1193689663332
271.8565836693723
272.5854673554243
269.8082340315098
262.00921324347286
261.4392428256571
268.6213239001565
275.63086825377655
258.12360598542335
270.4618486368925
261.69691914583484
265.16423765891307
253.3403697032442
253.27007985418928
276.5641910028462
261.13943893589123
272.7417615181487
265.06552636682625