
622.4717399778515
669.7535221805476
667.8987340580591
648.9918302764013
590.3965807156587
589.0926903938066
569.7145822449861
600.6412064373624
533.8754192760872
490.71002868928974
557.1725060266765
496.6503021193227
470.8162093416211
523.6231918987576
554.3809461706127
457.6236676482305
451.51312046887125
470.2120481008439
511.97380330988636
496.0627645391469
428.687771914517
434.35655521453884
475.14475716990603
499.30171554757135
465.03438789897837
504.95320269425673
531.7315244301973
473.02004388206734
455.36751447462046
503.3975638068014
456.54466034329045
510.4234255892828
528.8128407065905
523.4746146841294
529.4189612482094
546.9686624967602
556.9473283238488
510.4001026364078
513.1862558821348
591.0442584602378
575.2182952599778
541.1613991596021
576.4459366650192
524.8358136611868
564.9874135273501
508.24070949469433
508.21666074155036
486.01290654513605
529.0071439890933
511.11683400937073
550.1105186078328
521.9040773052387
541.7180056475074
516.651492348822
565.5419267153536
544.2079036150551
537.8017023294367
543.996041689549
539.3139948288493
586.9290384246024
555.7848870552732
525.7504664355745
586.400402803218
560.3888929538363
540.1372179715031
561.2268771806206
552.5974083515034
608.5777625428811
573.2536041604585
553.21417960654
560.447383918348
520.1853839922753
500.3660763465542
562.816290214783
527.2181205272624
538.1654012974957
525.716261993393
555.9529160036966
577.2311324947132
514.7816794132852
572.2983174325907
529.6085771756203
537.2075788921773
528.4340834791768
599.0304057725863
478.7923812014982
539.2554822766157
553.7327364554022
491.1439475056095
558.966378751092
560.655720803201
618.8152409865384
540.3701062983852
529.4483185118642
499.0507063154716
632.8008489942526
574.1439200340742
549.5869643091387
541.7017100208518
497.64983035508084
535.2612978618756
560.8574462957279
553.5866762628368
508.94817615274394
535.971369542136
546.0479515446908
594.9695296177106
603.7363502225759
506.1191947828852
597.5331346017526
617.5003728306162
545.0711410890945
550.6588327588554
545.8938699626947
580.2976621061582
597.0994162877872
480.73138647655344
533.0603626009719
511.17275950614123
566.5701101392032
564.1905657905579
562.5759679898359
540.8878945385507
630.3451147277444
486.6711920700849
528.9917279635667
632.8650995805523
557.2371832572419
599.3575803931192
577.1014070967402
545.8804354968504
614.0400278542088
556.2863978307133
557.5232971947133
513.8622759052954
492.12622677144856
587.8258134869744
569.3123025022036
562.5164912121718
574.5656874041481
553.2654655415226
582.3673335113538
503.06336176189745
536.625679689105
493.8357652551802
584.5540657014861
525.033806425777
540.1125785047118
578.7894466716755
538.7525468169113
618.7961945249665
562.3417611338632
567.386366246556
581.3103557644888
578.6233043337554
553.4693223188841
568.4186623803166
588.7000113438152
508.3884188691283
539.8077484164955
567.3356253394694
591.167944398715
545.0477019599257
537.0252040111939
570.8002181732938
451.89734209701817
621.4485182558192
549.4301200821147
583.3451358845442
542.3989914210465
539.7444966626274
554.2017468281886
573.2752848803199
545.5134504388668
610.5173354937078
508.173867934978
586.7879950357863
568.7721513613234
554.6596938945048
560.0709228309659
514.6299940636602
556.0228175207806
502.519350042332
622.158897890133
564.5389778808332
588.7230170679295
609.7195600068793
585.8267111790076
590.5881848958935
578.7529851191975
560.0617615620698
579.774454376562
517.8797625449124
512.3191339780876
552.804737340883
579.1136187832423
577.1892870332651
545.7715408003021
545.974671484948
570.308525159253
542.9669551356136
620.1918008591281
574.9325074874263
534.9855017613505
551.3671991898283
578.2341668652051
572.8904949269734
606.4008751455772
533.499129289534
580.8413369224464
590.7208551634822
609.2237562678242
602.9422403552339
498.5040931638787
602.8364095968302
553.795517786654
565.9435286844703
547.2511605663834
567.4579568498214
512.3051363375232
487.8091433244326
595.1426218764591
573.0664065745428
517.8685919592788
522.0108258984283
633.4018193802503
580.562516934159
634.3983015312474
571.0342917502799
577.790267117832
576.9606826142814
564.0020384293168
577.4830854497899
537.59740040837
459.4644110506264
572.7447989085797
681.4046498716999
608.1415323628945
510.14369188691524
521.471225726608
613.6679639973943
543.7816207664303
545.4610783430896
651.9034796354089
538.3370990187615
601.8070820285033
574.1365736355057
636.9671145303502
550.7508733056377
609.653362604997
616.470029422703
581.4576567941289
614.2930554649096
596.2781663471627
546.971783199867
572.7514198224782
566.8283518256042
571.1938674074931
591.1617305672238
591.9393998718947
546.7359080939593
562.0145464046766
603.8381580521857
502.35102116429545
560.7641960760536
499.04992160531145
578.2870896888655
562.6970827377799
616.0820222173404
559.0248594694389
637.4151924153351
616.6463648697355
627.6525829241642
585.0628074994047
566.4005623538735
632.1854109271161
578.6385741142369
549.375354097886
601.7776320049727
560.5944633858919
547.5839616371283
590.6235053979988
639.8212132460304
580.5285537601706
569.7147765816119
589.1384734370721
554.0818675924656
535.9626952793903
512.1848444545412
579.0508832188433
515.7855743694805
500.4560483193376
587.2280544614002
613.5900907532526
556.4263209953815
585.7380165062475
577.591460342395
593.1900205908137
552.5992892596071
559.5848660002678
620.3751487804273
547.6091957157469
487.3716145011293
579.438797941348
556.9984571885237
549.2028091130344
617.5644855291175
619.4805445608964
551.3265392725032
573.0353886267196
554.0333150650679
599.0914403778145
607.4943678270531
599.9468738683498
546.4694773794855
546.9951869947724
576.0698797782735
619.3862417804276
607.8722149370026
627.9985832704994
588.6847766341078
578.874680718675
583.3075682586107
539.7783594063292
584.889124167782
553.387248504903
604.1978277302042
586.9468166619373
540.2423307852498
535.5506652228522
510.0546636140886
579.1464484249499
544.9460923773801
563.1101598787899
598.4765760751063
595.4668552432421
522.8656988052905
603.4004288886404
522.023074492155
581.0295469543794
543.404014933739
644.8482029566138
532.4857051835792
621.0744605586735
595.3334474684381
531.9557455230067
592.941941541409
519.4801639579686
635.3082151952025
607.5922548731158
527.9530035345788
572.010103824148
556.0090625483938
584.9220280429242
594.2176967265161
599.992270656747
534.3191444436434
542.8017878201788
559.0222399104402
593.7953525974744
595.4821401638076
538.1577040419917
609.8287424185128
552.9536043291339
655.5490609670661
616.5217327550937
590.1186574198139
583.7286842819118
554.5842440316292
619.2392703619092
581.185522906613
551.1965522029643
591.0009716585985
549.1009925841361
561.381059427819
573.3205146631364
587.0596031056564
571.1284854843059
563.0841698750326
536.4589245852196
579.960977550777
557.8093437697432
618.9053619294499
590.9283522672383
555.3968915052848
621.2130670259298
591.3321231865657
616.1930700426835
548.4293976007663
628.9393750237754
567.1138803578485
542.362727709117
515.7160971857295
577.6550788080925
587.0750605581283
570.9580225178875
591.8847863223731
607.4770373744361
540.6444684291326
597.4355174378294
557.6581295881093
568.5137014109571
579.0272365401852
496.4803409308821
549.7773020788857
591.8197322202143
550.1842253176249
575.9869239735218
593.071221833911
574.9869689990932
574.9490511324635
640.0280558888157
593.4192573467305
581.4952508477223
616.2074238074563
573.7415175130104
565.5603582198656
613.4119855704712
508.0471885556457
587.30453536845
577.517768493468
604.5885878301232
603.3800883829978
565.5476999420843
514.437865389333
509.04497794402295
618.2274746517074
580.2349749839905
582.6803529264569
567.0290371168946
559.380703923212
534.9079128992805
567.1192633557533
518.1262014929569
589.8040709510398
579.4613649145929
616.5731833826584
614.1980302157688
577.9480382391938
627.175118181183
591.1287140620495
611.2612593350066
523.039801577411
631.0462926364264
621.9692214268715
540.3486100722807
584.3769674140232
566.8111266574133
538.2372272289066
565.6093161625562
492.13338083404403
588.4525667941067
465.55206762817227
561.9505291699252
479.7640607395339
586.0958649316968
543.8486694112842
543.4286386265155
537.0076866644151
545.2399026669159
587.8475901358885
570.4350408901373
530.9469273871377
550.2400587136042
625.4390870395581
558.9292227569274
549.8191979376098
541.5902839814324
553.6372078293927
575.6452301069378
562.2813600623435
589.9405169417548
596.955459567795
570.4031312963536
527.0225880151345
623.9389593888253
580.6355005430574
580.5717017786093
548.1367210540355
550.3746890814095
623.3262871678864
608.471898229838
564.6705535069757
624.3399368046718
594.4862505122599
562.9229695394747
549.9201689797095
544.9087973368964
564.0819391692178
544.0713493450672
615.4193984963218
566.5105600014073
579.5886402203515
642.2578373692838
590.6455102473225
531.5229521376383
563.328822399132
568.172738896219
591.4611555056824
573.5191393923755
574.3530692996414
538.3299029903139
569.1015666032235
600.3502019074542
520.4891376840068
537.0808469685289
605.0710626218752
607.5632868410544
564.9015578419605
586.028532574557
596.6421264408233
579.5317035204936
551.4582895383951
541.7613361441565
544.5473600813473
569.8879327497268
627.1669666837954
582.8928186007797
566.3540688000242
548.661434515833
537.6079837350641
522.2499502714275
562.4360364727833
518.0366859213216
573.122415756993
594.1554053101377
565.779862260559
557.2982141512323
628.2226903909966
529.4633981549528
549.1952474450882
563.1947802706204
566.3611034490336
611.0516677796287
567.7961734815611
555.0337047164455
550.3048358765021
557.9379719260511
538.4331534184978
544.6340642881736
562.6189037958482
574.7191782964055
561.1210553895339
586.3796018799442
551.8216567804416
603.3439143860139
542.9422004516256
539.8697632442347
622.5487830687827
555.8094720856026
564.1207221176667
591.3403737716801
620.2942496082587
527.3948484831014
633.4994316646154
545.8399334706771
503.9464975923177
561.9611920085247
554.8406206374692
571.2077541079759
615.1484649302871
582.1810127191591
629.2781775174769
531.8818921525951
586.2771674715285
544.0019643835644
627.2192736365232
573.9740516010675
582.3598745149449
595.8876006994908
562.2852577417435
538.3434416026064
572.2698305981197
524.7778386364018
561.9374618876741
605.2210992095972
609.7667126398477
605.6018787732608
637.9166294205232
574.7392620205017
552.4763293194034
587.2897713338015
524.344204282787
538.3579980601722
548.8371863214356
520.027651377945
565.3492240674798
626.5496334950703
582.9558193912574
529.2540720442514
490.3720375216424
574.3770887470791
657.7967942964392
534.3155389462369
551.0807980007623
577.2798835953943
496.66664527769507
522.5495012836031
535.6615888607846
558.9786051613869
597.8042388079177
577.6447055633729
606.9288650217626
535.7085303568113
583.3060351741526
591.7934483975553
479.90072356047847
578.6143635496576
571.0122432268279
510.60486650885014
595.9902283869553
566.1957781410581
509.74023784407274
511.4128474010646
584.8413378797429
534.3016104776897
596.0522121305378
583.1756677495326
566.8807842323929
539.2429373872832
541.6577135212652
535.626873393716
467.9279815881815
569.2080266599528
559.4265681572361
559.1327008480406
540.8680984706706
580.6509993763284
606.7371019612658
619.1501201231838
579.5958997362102
576.2869113177944
568.5296044419541
567.822543819041
625.761331385921
622.7665154500229
519.2898118974223
584.9162365720325
538.7871489931922
566.5754038325106
587.9600530636542
551.2118056895565
586.3007052942376
606.4650028584662
590.0173070665644
568.2532641987339
591.0700337585097
539.1273893696522
571.1075377559682
578.3344604133003
558.627278728374
565.0408572727383
548.122825277611
582.9166400049207
567.2660186152508
582.2220241652764
512.7400993743133
488.5754791639283
542.1870378034018
564.4819009893797
550.5318187219657
627.923042678562
528.4614623932215
604.820396224329
576.7343811915046
544.8015646653943
599.1900300919185
549.301778642736
594.1433391276736
558.9061633319747
527.8935911611536
625.1371989799022
494.99486957920664
570.2014436089346
532.0942376492834
586.0527647612761
573.5310708957447
600.6872918806295
542.5658298145447
534.1747678010605
605.6564244117696
578.9636993330927
618.7021718122757
656.2071742715825
544.2767741368142
592.2139221979751
506.7645838154298
575.7382179819358
550.0514091897619
515.5814704788852
568.5787311502509
585.4821737529139
590.4288325393516
528.1498905093496
562.2004450103979
570.0917623667057
647.3748743858289
521.3151240090964
564.9412498537375
603.5743821008671
503.0902101804639
659.6922234484614
535.1421247480457
566.4687689404
581.6481213223358
575.3536681704325
563.8454975412833
646.9955488555139
495.33478761275455
601.0361788657376
582.5355639240103
533.6093456759612
576.5097155546761
557.7196796192542
592.920761598704
557.6535662986271
593.121804161726
510.7903962803026
559.1458176348784
583.258779708797
484.1250112652665
605.008873366827
586.9817314135714
587.903275280197
562.819147595327
581.2146509506827
524.3676691472778
537.5759463810967
583.7943135065004
567.8156296212491
560.2526258156878
613.8267148766298
538.371453525651
538.1031899220409
578.3650612646233
620.3599834850279
639.1118618244983
593.8235179603341
529.0847779480875
595.9753113733724
589.4911339759923
543.5517390466991
536.2284325371992
609.6519037766378
566.3135123595475
565.5812009613168
535.3502862759129
551.6446481522934
597.3139252053992
609.0233485344523
608.3882121930308
589.4227469754766
562.188352754478
629.2760946311424
536.3618808342868
568.2243796727606
537.7231856947703
553.446864759951
580.1532749006168
563.4289555834819
618.7088165297579
527.0953868256064
608.940354802088
591.9180016548694
569.4926642835666
586.4781887988506
568.638142690651
580.6224892958576
576.3153704216248
690.4147045450226
491.1573187390621
527.4937328166433
555.440935405846
650.9147997746586
518.519227256382
549.674617689915
525.7108288318587
560.7047731007876
537.3785487577496
582.7055403782072
524.4419142318119
564.9919987418673
594.5934837454649
522.007555687411
569.4128981714055
567.7762056104474
547.0515792294068
634.3796434965412
601.6232886609331
605.2865094579687
521.1332569264267
625.8043575083055
499.4822295559191
594.218959752131
579.1377254682627
614.8747254126326
548.1092742737454
568.6081762703647
543.2398646382765
548.5466748036683
537.482446558659
579.3388391895785
591.7691233283762
528.5093413005507
566.5637509449608
569.9011696044806
631.3898143894269
595.1200700944938
631.1231242619094
579.2729241066984
556.0278203139967
601.4873103046438
530.6473583042701
582.5514304646674
557.4653371231709
518.0402120914166
576.0536755223395
550.1668290980934
567.3461549783779
528.3429077552951
579.8218219711448
605.7163878648132
588.2903604509943
602.3606372037136
530.3072792914984
584.8177577903633
643.4577090063754
516.7487379272353
522.684761214963
546.3325555340799
615.9810221704879
575.7896516361754
562.5992634807197
573.397239830989
576.9560201240071
515.2123933057187
560.4303145296547
496.08024467730075
623.894213878212
606.3177888847692
576.7134594623283
577.1303785113056
569.5759808684198
561.1954653820777
569.7363441103138
572.4596136855537
556.1607669518595
532.788014144664
602.2747671088647
601.4703960915706
549.9743823612048
586.8026260572534
635.7728908781421
591.4284295510417
538.2042934462761
590.0793610805106
553.5093075554856
553.8407571346369
608.6208221209677
553.113665448805
546.3485970430404
561.091704313799
594.5624132282741
563.5231377976392
595.2011616343549
658.3453361561754
521.531830748537
635.1791450012461
545.83027210319
577.46872282658
566.9230258023973
498.8008292712936
522.5308946934417
575.5168450146828
568.0963193498966
555.1758912317445
582.59922543836
568.0019392505329
557.926661092773
565.360483051964
601.882572471833
609.7348855112082
544.945251374801
536.9962985473196
502.5062183318243
551.9550038627118
575.4298198762496
578.2065527262068
549.8584056340803
515.324333996252
619.5881283067731
554.3187783720507
561.4567963487525
569.0065979755045
516.8479276691297
534.0779696784356
566.6833196707801
539.2275513412065
593.8069365605585
605.6068028483455
605.5977812124139
629.809666178104
550.3614665817717
519.0580646438059
569.6446174267727
586.8626567878421
598.4232052827736
571.401747806314
541.3629378891137
554.8333271242991
531.3798906140528
612.6486647493459
566.4933102444523
532.3056748898204
588.5884960096714
615.7447557748089
578.5634661162733
573.169436031593
542.6831072853269
568.6119651022102
532.5812721668442
517.4178897842972
507.9151674202876
611.4321268368765
513.7190887580662
561.910366634926
574.6905504273334
591.4698264592868
581.6615563403075
616.2277818100455
578.0220025740603
592.6762011055112
568.9895641558171
589.547459863798
589.5512425847039
582.4081833329524
539.2406860916807
542.8971942876441
593.896431205553
542.792743668537
543.8943128377408
562.3764536038145
570.3698137668791
646.6514822691951
549.6682273334368
541.2239365797184
573.6609493981299
580.373048751765
512.0764264827778
525.4499893430152
589.32847217538
546.573678699838
553.7051859277946
580.4020953743237
611.9800016152155
593.4207383577024
520.2033479146996
619.9587297645523
584.0037731193505
550.816639765465
572.3400027871091
580.0906990603936
618.1028787933755
583.9891382399159
556.9579293990497
561.1914962047696
570.4853792121287
560.2705821973448
579.9480911982799
576.4194859585871
593.8521697843019
602.9098218525596
590.5355539465153
562.9759673328905
516.2898102272767
614.5304005869467
575.6574351501265
562.5557798879572
551.3685030777531
596.2611441681045
585.2136698507077
617.9146139278494
556.6234948253747
603.6883732204618
570.5948454305645
551.554579773557
604.6048565078919
562.1410721561571
572.0083488460958
529.4042103025913
530.7135832987859
560.0677747612632
581.3978001709588
494.21666967357294
588.419118687753
619.9390750883935
532.711352129377
569.2990655433562
557.3443665679329
531.2410038023513
600.235134373825