Avg_Delay
6.305172413793104
6.589108910891089
6.5122377622377625
6.342622950819672
6.717041800643087
6.639625585023401
6.396694214876033
6.110921501706485
6.3624161073825505
6.224108658743633
6.391803278688524
6.56507413509061
6.374161073825503
6.1388400702987695
6.127768313458263
6.064798598949212
6.626198083067092
6.067741935483871
6.402684563758389
6.4
6.323529411764706
6.152777777777778
6.225042301184433
6.3
6.198305084745763
6.090753424657534
6.533670033670034
6.176567656765677
6.382142857142857
6.46515397082658
6.74294670846395
6.2716666666666665
6.2665505226480835
6.609836065573771
6.4096
6.479806138933764
6.400998336106489
6.430194805194805
6.438356164383562
6.2504288164665525
6.3174872665534805
6.299382716049383
6.282094594594595
6.510743801652892
6.338333333333333
6.243611584327087
6.391459074733096
6.466338259441708
6.273865414710485
6.239388794567063
6.429065743944637
6.18374558303887
6.514049586776859
6.498366013071895
6.289383561643835
6.477564102564102
6.32994923857868
6.464765100671141
6.5711974110032365
6.270627062706271
6.206132879045996
6.689034369885434
6.306506849315069
6.390625
6.326732673267327
6.425
6.506472491909385
6.4269480519480515
6.17483660130719
6.585516178736517
6.470099667774086
6.624405705229794
6.72771474878444
6.434231378763867
5.9949324324324325
6.518151815181518
6.407783417935702
6.340314136125654
6.217179902755268
6.482539682539683
6.5120689655172415
6.232394366197183
6.3762214983713354
6.5687285223367695
6.270408163265306
6.239234449760765
6.438538205980066
6.532824427480916
6.605442176870748
6.131578947368421
6.473333333333334
6.315955766192733
6.261824324324325
6.249122807017544
6.205084745762712
6.401315789473684
6.404109589041096
6.205
6.243333333333333
6.3256578947368425
6.3321799307958475
6.284297520661157
6.243822075782537
6.376884422110553
6.057335581787521