Num_Drop
111
127
124
111
141
143
106
105
108
94
124
100
112
93
96
95
145
96
122
106
103
94
103
110
98
86
125
102
109
115
146
107
93
121
129
123
116
131
114
106
95
126
79
125
108
101
102
128
111
103
96
104
118
124
97
116
111
115
119
96
108
158
112
117
113
112
119
118
101
130
115
146
143
113
86
139
104
96
98
130
126
81
121
110
89
106
110
137
120
79
101
111
105
81
95
104
107
97
108
89
102
98
112
109
85
89
110
93
133
95
106
98
100
90
124
95
111
90
140
97
88
112
99
89
77
104
96
125
99
97
99
92
71
97
110
76
69
106
56
68
65
77
73
83
103
90
92
93
92
76
98
97
76
76
64
69
67
72
97
102
58
62
72
60
124
85
106
71
65
91
75
67
56
77
96
45
101
71
63
67
76
74
62
69
81
71
77
65
69
73
67
57
71
86
63
61
69
80
44
57
63
84
58
53
107
52
86
87
91
70
82
71
61
60
64
74
54
54
76
54
59
60
40
72
71
60
40
57
81
44
69
70
82
66
72
63
90
77
70
75
71
90
55
68
84
81
75
77
89
54
79
42
62
85
64
70
61
54
51
82
77
32
69
76
71
54
57
43
52
72
99
60
60
56
64
60
42
73
84
63
75
102
67
87
64
43
78
69
52
70
74
51
75
56
63
80
37
101
65
56
78
49
64
51
67
52
65
66
53
65
62
71
69
98
59
68
73
76
68
63
85
74
95
78
57
68
50
57
52
36
63
78
92
64
77
77
42
44
58
67
72
84
65
61
53
76
53
57
66
60
90
68
114
44
63
91
48
49
89
75
70
70
70
74
74
69
61
119
93
134
93
86
90
117
79
94
93
67
73
75
82
56
72
78
68
91
79
90
98
78
68
79
93
80
66
75
45
47
96
56
48
57
87
92
63
81
76
83
77
93
65
81
72
90
95
78
58
45
61
67
59
85
98
89
81
97
97
90
82
82
75
68
75
78
88
85
66
78
44
65
86
97
87
78
76
98
71
78
78
64
68
92
62
74
51
52
56
94
75
82
65
88
59
82
95
71
83
66
50
63
63
87
82
65
67
90
100
76
85
58
94
70
92
85
62
67
81
72
61
70
56
61
60
71
87
73
87
77
97
72
82
44
89
62
61
83
66
88
68
97
79
58
85
100
74
64
96
71
63
89
87
46
83
61
56
47
67
64
57
81
81
64
94
90
86
62
66
80
84
60
75
55
58
42
47
59
60
60
65
43
60
62
56
47
58
84
73
59
68
70
68
63
61
78
73
71
53
69
66
52
72
53
51
67
65
64
79
66
41
69
48
54
64
55
57
65
68
25
73
42
68
54
55
41
55
79
69
57
66
61
46
61
78
64
72
48
49
70
63
62
82
69
35
59
63
77
80
66
51
73
62
62
49
85
76
73
53
65
66
63
63
66
77
57
72
63
64
64
82
53
54
53
38
53
83
44
60
46
65
58
55
67
53
75
55
52
61
55
47
42
45
74
75
54
61
47
67
67
45
70
46
74
52
48
55
42
50
72
49
84
46
67
41
68
73
41
57
67
76
53
62
42
62
46
55
47
69
56
46
49
42
55
50
60
50
66
57
54
39
51
41
54
44
67
66
71
58
55
54
53
68
78
45
59
38
60
45
53
53
70
58
74
65
56
43
64
54
43
33
67
47
54
60
51
37
63
38
42
55
56
58
56
57
64
54
53
58
65
53
54
73
68
72
71
35
46
70
45
52
55
57
42
51
39
54
74
40
65
36
38
54
47
66
30
29
47
49
48
44
60
43
61
42
48
53
63
52
46
58
62
45
38
60
33
37
63
49
72
53
39
66
54
53
40
52
67
42
64
62
41
54
38
71
58
40
57
64
56
60
63
57
36
63
53
40
71
59
62
52
48
65
41
45
60
33
49
44
41
39
33
28
61
68
40
47
46
67
70
33
58
46
52
54
65
62
65
57
85
56
52
50
28
42
51
44
46
55
87
48
54
61
62
51
31
44
40
57
35
48
39
38
48
52
28
66
48
43
26
58
44
63
43
59
49
43
46
42
44
46
46
49
30
68
59
27
48
37
31
46
46
29
65
70
54
57
43
52
35
68
57
64
52
46
51
57
29
38
38
42
46
59
36
68
46
50
56
44
60
45
40
47
47
44
38
58
37
57
55
44
39
48
34
73
56
45
63
49
37
40
54
72
34
46
56
34
40
54
28
35
46
51
34
42
38
42
41
58
51
51
34
55
66
55
42
58
60
60
39
59
33