Avg_Energy
27.3241740467224
30.269938079244163
27.016063204291772
29.115530550540534
31.528621224735367
31.362516540791653
30.25314248087282
27.58300591621157
29.569205040176815
28.045309061676797
28.675571204115688
31.563751026922922
29.96902879062651
26.406513937114493
29.189228743476814
26.773530034957126
30.420463894652567
30.936688059992044
29.5931745389982
28.161432070363997
29.672707853023617
27.26813760378186
28.194828544861924
26.863676401001022
28.614843581191458
28.80246190204083
28.74579316165039
28.553363748241843
26.586489885976313
30.87544659199442
32.43425711544255
28.82360245820762
28.437446412154948
32.15621913767887
30.512735054305153
31.000021119646938
29.2569658011438
30.648927863750846
28.16274882843739
28.1971912456897
29.32223569903025
31.7262629586799
29.945447101699965
31.253561546518473
29.58027640800136
29.146068041288817
27.911831547278183
29.86938700699576
31.311472170956694
27.463407822631673
29.196106434511808
26.75786864750229
30.84635260082502
30.87363972981148
28.25938550578664
29.91890677744835
29.862498735194766
28.824020797218758
31.908487263456387
31.16054384029306
27.53022361689608
29.326219253698035
29.412759907138412
28.72790351329411
29.90143756605525
30.412741503582946
31.526078099216384
31.733665010950517
28.930239335964576
32.44747653102534
31.874974108416467
30.982584795378397
30.542277394047733
32.24807821613028
27.744298429560757
28.32775496662946
29.771621974604113
28.582777048575565
30.6228887312107
32.37092387276607
27.50414548866698
30.101161118092868
30.769463742625437
29.20282915956303
28.878854942893003
30.98276656734323
31.06991656545559
31.234170537895288
29.83814347451307
31.333425122357152
31.632983200762233
30.987851379750605
29.014681989353544
30.207413269091916
30.23882553734406
30.12051390895048
29.32491347044236
31.029373027440858
28.934480739778582
30.45499978082147
29.05401767904476
31.74734015255192
29.9090958506713
31.852427046878763
29.85257720699379
28.830692820386474
29.583733399344403
31.331244436302647
31.684829038700286
28.609463501570303
31.84644135103192
30.846695757541063
30.855099127943003
29.715260143472584
32.15251193729506
29.447773914505422
30.286615513425073
30.158878691665137
33.797373544223376
31.608326403989338
30.803861159033495
32.540489261794974
30.775166647898676
31.520227143671768
29.928322521487388
30.550048057398918
31.570169982931297
34.63055220785023
29.11327446414373
29.346725864977593
30.19076800067498
30.04758946311632
29.8784638319275
30.28236842229223
32.58553477354193
29.094842576443646
29.81947338332005
30.50206284867675
26.866292749237186
30.336750946028502
30.2695455285678
28.402748415583506
29.442625599628894
32.28062667884061
32.265224764404095
32.83316226382398
30.94352683072044
28.91014476565054
30.351070693054293
31.617797912454144
32.45932084339345
32.21949624366436
31.116499584109288
27.695917414829335
29.47636646099386
29.277365895933038
31.43339980599331
28.226642333721145
33.569677492496204
33.98718548311832
27.67081384443413
30.327982124822235
30.935569906971573
28.20067186214481
32.763982648489595
29.911350655197246
29.103807335684877
29.633053609303836
29.668231625639056
29.282865582215532
32.04897120651048
29.13131244391939
28.148176971664196
29.900850336199035
30.577751370678747
27.85304356244881
32.199340992621345
30.705732269301745
30.205753914255553
29.58632484410399
29.84247061927207
32.999185237217574
28.295772618819804
28.698644401797246
32.33539976413551
28.64583460089972
30.94174478377756
28.94294523902035
30.0558615056592
32.43936727459021
29.514014474698183
28.13077156969927
31.040686051637273
30.51190719976541
29.327402034233142
29.52339676851962
31.81090603756194
31.749698523921644
29.833182033877392
28.38501013839373
29.907262345769446
31.683268814717287
29.466523548103403
29.29025634839394
33.01988842006441
30.163833280906196
31.286181582860696
31.80943515961829
29.403643613307857
29.54383893947296
29.141526959287933
31.15570268280218
29.35909002237069
29.56031421474904
31.27056990549491
28.36285468045117
28.719691256703122
29.893738496128766
31.15503770966829
30.481487534267707
31.63566545565282
31.696720301869117
29.730648219002376
33.400695010443954
31.279424012701803
29.91820908905886
28.79920961929408
29.829528218585722
30.989795757681883
26.9752303941459
31.157414458739016
31.948526680876483
30.041546550154017
31.58750489950636
32.56442360744452
32.11039119619917
31.36821481527886
31.7652886221782
31.111876011502318
32.32954086296652
31.748360485998166
31.82038503997028
28.95613415952954
31.812941060449823
31.436562583479912
31.825686222307223
32.30174166420359
32.82432513624953
31.957061530784483
30.865229845336962
30.12622854435191
29.109180369319734
30.62216153990429
32.87352221673306
30.645120058746336
30.166281370400192
30.537355077164456
31.193792235080046
29.508517106228208
31.416864591831153
32.95799951312754
29.605755393870613
29.585886079034957
31.72758755370494
30.52655981818462
29.830875050930228
31.57148093412736
29.79278177694106
28.96326088109417
31.487949035055493
33.60261108500903
31.16995607679258
28.47349503792198
30.547763414462338
30.80915087258888
32.45374143456668
29.998698251887426
30.72088419947213
31.54537048304639
28.82941197224049
31.416875016317086
31.567154081470864
31.17074281104173
31.33002289731409
31.368866392324872
27.83545405817938
32.5246593604451
30.325871178862606
29.04751776830282
32.01898673424735
34.32434896519501
31.480004665469938
32.40686621471425
32.3647520580199
34.20152237745
30.374630953688182
29.05684235693938
34.323992406156336
32.34322994710894
30.970629338095126
29.789469913042023
28.1963949887803
30.89541417027296
27.033617330546463
31.240665319010866
29.003730757494914
32.31040106802351
31.107095028745004
29.987508424239458
32.11542991804828
30.49862207463523
33.78816902929118
30.303482360446388
31.707471507691146
28.90669159089207
30.29272860435057
30.18640292169568
31.247834731765543
29.85817108478098
30.019232734250505
30.604922522745603
30.9858146174221
33.75110188983316
31.689239365776967
28.422506208600062
31.489669631145052
30.978008808570337
30.289132339229337
31.753813736228437
29.25067868079052
32.00333992935261
31.956732594990665
29.88301469725825
29.118759266094436
32.34257811966871
30.951077154417636
29.949407393776262
28.907840391874487
30.9504752302369
31.629614525305158
30.109597419846096
32.60422592947124
30.777328085316412
30.633367846919395
30.38522369240717
30.32814043986736
30.095305055730154
32.290303881109025
30.311079188401038
29.523919984140342
30.689552357894502
29.72456433836636
32.158637847817225
27.013379939511037
28.681486381970046
29.415150798866307
29.417818233163253
29.51935405083729
30.973616051325752
33.93314595072629
30.568734023644417
31.57944871590547
31.133061393687775
32.51351376305855
30.853897177186518
30.545131971316028
30.70757436483047
32.25066745853236
32.816762498216875
30.396993764813764
29.160751167218375
29.005016653071483
31.817950145523547
34.0017587175437
29.944261146107102
32.355830292382976
30.43075733399674
29.774826481056266
30.612294900566532
32.88169136835337
32.32653972287108
30.006267913746136
30.622120840008694
30.974548351884312
31.474837340876327
30.624614109459706
29.861151116821937
31.4423903445985
32.04216086714701
32.33109759977718
31.34042667930534
30.665697118202946
29.96391672397532
30.937575272827594
31.138761853483366
30.717383429826906
30.508747368205917
29.06862324757902
31.64622258313194
30.39034740614297
29.907053895641855
29.516014596017904
32.52503160031722
32.890721447826635
30.83121353695044
30.731408503785843
28.243334468123884
30.47125026250522
31.167540417308032
32.19150922084214
31.000147937131317
32.24636431100516
31.335310112223972
33.56919947926033
31.26559115027901
31.55509454385147
30.867871424994654
28.942400863216825
31.929007258717043
33.56625568415774
29.438961113471862
29.91624038111583
30.873810352645478
29.889657693748337
30.395755450473267
29.711001164869106
31.304359156694368
31.324432908265834
32.88057661763626
31.219542283696335
30.779188958279974
29.660856474849226
30.566719562320106
31.47525917098995
33.34864621480144
31.114169220220695
30.690106977212587
30.1276499362696
30.384796346324425
29.435248576289332
31.824046157148338
27.944255399021067
31.864666999038548
29.581322262217384
32.120585662517904
32.534185405995025
29.251241861561834
32.970761122346644
32.58595867860263
30.407615497593163
30.913980407450943
32.393924059326245
30.425130031341602
32.32436457942081
29.64881280426304
31.20518057254601
30.269097786464812
30.969152577472357
32.04783735296674
31.488813215821
29.085450237717744
31.536500700536088
30.906923687407527
29.88682941018043
32.03202319172368
31.198517419983837
32.01656830779628
29.939532635722184
30.67529957619587
29.888128402491258
30.033960123106205
31.620939531139904
31.129742151843402
30.771642105823354
30.824093900403994
31.471606708739255
31.52308835978684
29.57875470965798
30.90506319117951
29.856100990981606
31.720392425562967
28.274726303042257
29.676242526221948
30.14843635442789
31.804373893312896
29.772677566829657
32.027156539357975
29.40004913539758
30.06900441077675
33.29768755204289
29.585358168400596
28.778764896532046
30.88071260415783
29.872303076502373
32.56387660229301
30.93662440484122
31.588394733900543
31.89958946576643
34.15562485602412
31.10140610272743
31.55827486222167
28.85635643814451
32.96449567011748
29.13573188710822
30.661483910191123
32.80573344120819
28.204343599125604
30.318964782803413
29.999156988344755
32.366817980083425
32.5337978414855
29.486232092407192
32.60738829217978
33.1542755527578
32.24929078177604
28.507977894371106
31.605848092912783
31.78367607552437
30.691008877155138
33.65371886235825
33.05439701675088
30.426724438132442
34.48554101993431
30.941770448608253
30.394288507002408
31.136338493395606
30.150632248623015
31.858245002882704
30.179821257187463
33.77414169156106
32.45233767055369
31.23486080250052
30.61116665402982
34.41090927597715
30.564278397347135
31.563486520250365
30.219571735562415
30.78225668964867
30.22244542271654
30.346765881982265
31.15535947718609
31.924868109485733
29.90179010116446
28.504233707749705
29.81158355886553
31.175395612999534
29.342810177224457
29.832427472845115
30.542254099390163
30.079403863736086
29.71000706723641
29.475988835024282
31.426095280917735
28.70048392880314
28.501141146275263
33.002986510359804
32.09948014988549
30.628992948866927
29.893642221267818
32.17290041652381
32.86689966451008
31.205804055412983
30.515849899977717
31.179949778327888
31.104483253271496
34.45481325867438
29.829466059060753
32.34967720507814
31.208611419586997
28.562963104805004
29.32654665895256
29.60091119851932
30.680305476129227
34.21324682714067
31.248849810236997
31.62082300780123
34.233595695862945
33.10715127327701
28.984927330166432
33.94189087709401
29.37001624307802
29.815988328991107
31.19335904461609
30.29561717578351
32.60497471617648
29.90613727922775
29.43879466157822
27.802646763641064
29.963051725389647
28.8995735285631
29.620581336113567
31.3968051317709
30.34362059980533
29.1951255974337
31.566754851627895
31.842738702373634
30.817390015149186
32.556467346126624
30.695139164856833
30.392569162551943
28.862894755194713
30.094516517735144
32.72097511951772
31.63187580647057
32.05013784015552
27.325165302394208
30.691752407311224
31.26320898668461
32.10559843697021
30.618340568589797
32.28020714881233
30.123217944243958
28.815010637332545
34.393659774384155
30.68103850226971
33.12864087713815
32.29231929275846
30.683184415461447
32.12976420265896
29.638114176605136
32.9373482201411
33.32912998355424
30.28515155798911
31.913612378570235
32.67266587052172
31.121274852174718
30.369463033932597
32.12405794186755
32.58120177912809
31.277299303169467
29.72240522257423
30.55558259709208
33.22935172289976
30.807852648685394
29.263727600183337
31.608662085945202
30.583820928219144
32.55918646175458
31.985424512153735
30.071370598284183
30.41515401056686
30.26839922645242
28.082515271417144
31.712438979465322
32.94091797236517
29.706747689565283
29.274087576971812
31.398482831020612
33.027443554832026
31.395881033628903
30.510041509795627
32.04798475363548
32.261450256721275
32.43788052280564
30.123951205295384
30.722695632729604
32.71011502521369
30.19618271435632
28.86055868613345
29.808048933378718
30.605631792552867
32.50261246460225
32.424352688407375
29.991916189163398
29.85149439125822
29.467544141310235
34.596604785883855
35.11324973131404
31.10786348346368
32.04170470041662
30.847798321554045
32.42710283680899
32.053681686493086
32.04409529017622
31.802242576050624
29.28380033109982
31.83956997211086
32.02372589356508
30.74199609352873
32.633520092724545
30.935933688612273
30.174578839200755
28.285937039867555
32.98499857828442
32.04969711195972
31.5308847001789
32.37003584920113
30.54694635208096
33.890993405689855
32.76660044702411
32.17782253276532
31.665165880861103
30.361451496496983
30.82747501013701
31.516003984788767
30.116795594011812
30.745762929739023
29.569038798634306
30.715958295469356
30.159327697108033
30.165711025394035
33.52614341792433
30.613993404224395
32.21453412805
29.82458761745791
31.16390812392
31.078097354707218
32.31869917826974
30.612149222248668
29.251469280291452
28.47496874000741
30.383302244854384
31.222250557998798
31.81860161419516
31.56759784361794
32.18657096407274
29.506715490335374
29.034880886357893
29.91612005444485
31.013023521382706
33.96322891260902
32.50063862746426
30.86669865493344
31.9370549375309
31.431057292131573
31.256447928739995
30.904161987979542
31.935169868292796
29.369840348465033
31.870532226439813
33.052506139859354
31.7238822224854
31.67286304969361
33.9379243072503
28.562724376772326
31.80301051817286
31.253440165104667
30.681725286248707
29.060816949857156
32.297365236924435
30.06460931206191
30.64013058640221
32.14106795971775
31.580800199174075
30.597527667384878
30.700011421540722
30.105727570610725
31.169400063487593
29.93003534409747
31.807253516214605
29.382447442300492
31.10995773347654
33.29826902374385
31.990650795744234
33.68526321119245
29.22432983617614
32.02247209922733
32.27773257743891
31.190988820853704
33.46545145391018
34.28702699116448
33.12637779633381
34.62958043051434
33.88855311974994
29.968165947384826
30.113416969426027
32.195306117942735
30.34786669467863
31.701108997820995
33.26783614778869
30.598647988606608
28.749806162266093
32.39280881704282
31.87737229040335
31.869516551145704
34.336742747931915
31.23886459435808
30.9073371164369
30.58944668316309
30.640266011348814
34.650094127813595
32.763412683110374
31.538868285932587
29.784459786029952
31.723379350143254
32.845497088655854
31.52963062012237
32.803640656989856
29.93383296792474
34.804001774495774
31.89185662840187
35.55281265739204
32.23565357689201
31.91439860424318
30.162050438725508
32.90812796842911
30.95778359481856
31.040143217433098
32.23549066219553
31.339141296573125
31.148377104050695
30.51954054413319
32.239797083755946
30.994360750700803
29.47238787607163
32.9859822005409
31.730915548802784
31.822787109373724
31.244041080796563
29.85525521823136
33.3446776187997
32.84170709406758
30.59273936816834
31.925268409057907
31.33640898622779
32.25753219203464
31.612981417999514
35.504782050651535
33.186822469176604
32.99578896123182
32.64555023168463
31.920599126286486
31.721904972772403
33.13597467039637
29.698195624585576
32.0817783851882
31.30950044206822
32.11997878870936
31.45778427873729
31.906039734063306
31.811826031407055
31.686551074221995
32.1263194283499
34.78031018172656
32.291603297413054
35.04520867058096
32.040690245825076
34.90228583975556
30.870742714133986
31.585311657180135
31.50405075870811
29.758971038761178
32.184312701953154
31.90269339916968
29.263312162650454
31.210692483382605
30.290523349718757
30.340130296975293
29.87389527983954
30.56107804358628
28.70436422025883
32.76082912444375
31.3826509560112
31.369042439644794
32.12011087302142
31.43925423417083
31.967640097613128
32.81814842704761
31.452166976785428
31.513855857728522
31.105884073086706
32.79709116709303
30.834270600087148
30.68017822248607
31.880063279100728
32.38209002264395
32.71649043623317
32.4359321282842
31.86647601417534
31.470448574897137
33.83354178729999
28.91543236145887
31.152530258841843
29.727356871293882
30.759651967852513
31.22887128493948
32.99666915745278
33.290068845130875
30.39586251097565
31.162536017253842
35.81446597046356
32.79446487554191
33.41822383759334
29.9154898856856
30.467469301020934
27.93303357048881
34.478880633971485
30.538968460628247
30.91149334029443
30.22101682091204
28.88521372491479
32.43676104328508
33.0334543473455
30.26556795732834
34.258403289508834
32.513793657196835
29.14011858432587
30.988777563092647
33.19131043512423
29.975041088687913
34.420320217042445
30.60692169376772
32.23445675293938
32.10057321617872
29.976958288100132
33.26627699568871
30.433274175499434
31.10192907213343
33.236336823091534
31.959775733097825
30.90097534292613
30.033459295271406
32.83285210980283
31.87108698191666
29.880447650438548
31.35400899179565
28.479331199223516
30.95181154177152
31.572996764460186
32.84588202737301
29.33311044469904
34.46803645867719
36.3230861029833
30.711112177266518
31.377990740010727
31.964862304288204
30.070803009102796
32.4750534197412
33.437827238799755
33.65239231693808
31.53474307687902
31.030498505182646
30.425055908782923
31.699476350834498
32.533289065180746
29.205581294021858
32.33034977391535
29.509274394435824
29.24106965267017
30.187417299285876
31.048690152137674
28.901823196066857
34.41796749621883
30.807961960037925
31.045196995589368
30.057793866591545
31.926337726325777
33.83234348243263
32.95489084790635
30.108581800963577
31.844710854215048
32.406142092600966
29.74350831983653
32.532738941546135
32.25873432683615
30.353134694121355
33.577619039398385
33.681986469705095
31.85417131372327
33.56345828419275
31.51089162778596
30.239180345261918
32.013819640875305
32.82077257181725
31.4636991787503
32.3694489929086
33.01090899675015
29.598722574865388
32.18754703671221
32.62182008734756
32.6812448468563
29.314591386030287
31.56832080867124
31.51275338420485
31.396760767914145
29.810522313291408
32.910931625335884
31.27044347144988
33.521825934395096
31.711425819438762
33.26374205050968
30.769802490645997
30.965509521259584
30.253401097177754
31.315264558309497
32.76027326845033
32.70739952015937
33.7244465503987
31.839209599773717
31.67585303576937
32.057003742062
33.819550179916654
33.630912747147626
30.10080452948257
32.31235758040975
33.943253319835144
30.518915197021887
31.330916263941965
32.04209133523158
28.035803895924055