Avg_QoE
823.2140695611891
823.0353372087063
793.4698568156358
880.7675001338199
835.1064518099405
864.8796019857206
881.4334528750193
840.2947701690807
847.3794177896862
868.5068120624155
844.0072639534295
877.1562270373528
848.868010255037
837.3039071760562
872.6697834343234
848.8497312620851
861.0494662785771
927.8513699438008
842.7766463598798
815.9315500728695
843.430276368942
854.6010374692289
843.7801805999519
800.3952193876889
840.5853953163844
871.0131218664983
813.7761707073788
874.6944561162165
784.6169881185839
875.2212968137228
868.6948379169253
863.5453091659481
830.4592164475365
839.372195061942
892.1376205252885
859.2606225295627
862.4871763868272
857.6931800141192
825.0425254397247
828.6550415285626
853.6551863970328
932.588452604107
892.5327929387853
838.4673129601231
872.8733609210379
848.0185223102208
810.6206194558678
846.2509510621661
919.7157373387126
864.0246208259672
843.0287171108414
801.0540670680842
844.6762518437235
875.1341099048008
851.0733889771742
895.9057380455606
858.2436452868142
835.817384679958
877.6169229617404
901.5097232453581
856.9442015223731
789.0651925699863
819.4356652646729
804.3556165886538
859.0458370855173
858.2082979753246
877.7820138213226
876.6376032641226
909.5724931315493
907.0882708321478
869.0879767334724
845.385727067209
830.6055263184373
914.4790675497561
882.902062720874
830.912036573843
848.1144010141572
825.272715691953
907.6114530288853
889.1675361842726
804.2238650846743
859.3326609349449
873.7094666094335
820.7651326525172
865.6006435835425
902.1201725920844
858.6943093614161
903.2923236786113
815.3504841813733
944.7335174312087
865.6445210350346
932.2208961510581
855.2478800205557
869.9951597521888
866.0767934351352
882.9763251191649
833.9763553380548
892.7034159551192
868.270661901073
912.8555287588448
822.2660166901147
888.8670406637295
870.193426741399
860.0886543319168
900.0719282789674