6.599348534201955
6.566225165562914
6.2578397212543555
6.422110552763819
6.246205733558178
6.226415094339623
6.676422764227643
6.337726523887974
6.3978159126365055
6.6790923824959485
6.675675675675675
6.274410774410774
6.4119547657512115
6.632377740303541
6.654952076677317
6.3249551166965885
6.494097807757167
6.40356564019449
6.685245901639345
6.405172413793103
6.516074450084602
6.4072847682119205
6.620065789473684
6.470494417862839
6.5799011532125204
6.260575296108291
6.143564356435643
6.20873786407767
6.446584938704028
6.37152209492635
6.6558441558441555
6.53160453808752
6.184991273996509
6.638078902229846
6.4852459016393444
6.406143344709897
6.398671096345515
6.340460526315789
6.479646017699115
6.319516407599309
6.431818181818182
6.180904522613066
6.306228373702422
6.431496062992126
6.248239436619718
6.2172413793103445
6.223529411764706
6.213028169014085
6.307308970099668
6.3707692307692305
6.199664429530201
6.125205930807248
6.194545454545454
6.173469387755102
6.5205254515599345
6.3187390542907185
6.653225806451613
6.158597662771285
6.288770053475936
6.574367088607595
6.572649572649572
6.194630872483222
6.262608695652174
6.543046357615894
6.32998324958124
6.08843537414966
6.615384615384615
6.615131578947368
6.151103565365026
6.434412265758092
6.4887096774193544
6.107925801011804
6.296296296296297
6.328990228013029
6.1551155115511555
6.316666666666666
6.650662251655629
6.3402417962003454
6.44888178913738
6.489396411092986
6.4504792332268375
6.588039867109635
6.51510067114094
6.734527687296417
6.079931972789115
6.478336221837089
6.631578947368421
6.374581939799331
6.493377483443709
6.0698466780238505
6.4874371859296485
6.728571428571429
6.4594127806563035
6.538071065989848
6.403448275862069
6.279220779220779
6.410774410774411
6.80625
6.3671328671328675
6.515859766277129
6.6774716369529985
6.33678756476684
6.640856672158155
6.29324546952224
6.547854785478548
6.465195246179966
6.453074433656958
6.355877616747182
6.326460481099656
6.446227929373997
6.456666666666667
6.428082191780822
6.301346801346801
6.139261744966443
6.732899022801303
6.438356164383562
6.702830188679245
6.757911392405063
6.736666666666666
6.321243523316062
6.606260296540363
6.486062717770035
6.469354838709678
6.142348754448399
6.484451718494272
6.307952622673435
6.485617597292724
6.655405405405405
6.587542087542087
6.264550264550264
6.487961476725522
6.5016501650165015
6.335652173913044
6.2668977469670715
6.389802631578948
6.469291338582678
6.538878842676311
6.523809523809524
6.373970345963756
6.2787456445993035
6.415841584158416
6.061082024432809
6.178321678321678
6.567114093959732
6.5073891625615765
6.8131699846860645
6.738134206219312
6.30155979202773
6.600326264274062
6.367796610169491
6.308797127468582
6.662790697674419
6.697712418300654
6.211965811965812
6.83089430894309
6.6537216828478964
6.078902229845626
6.181196581196581
6.611635220125786
6.532445923460899
6.31986531986532
6.507798960138648
6.565705128205129
6.821963394342762
6.482315112540193
6.5334476843910805
6.465968586387435
6.295221843003413
6.431740614334471
6.317195325542571
6.393103448275862
6.4892915980230645
6.206185567010309
6.563934426229508
6.648648648648648
6.838655462184874
6.557069846678024
6.387301587301588
6.472668810289389
6.547540983606558
6.433497536945813
6.351170568561873
6.398692810457517
6.596244131455399
6.4100346020761245
6.492512479201331
6.700320512820513
6.820967741935484
6.2459546925566345
6.392539964476021
6.276381909547739
6.568910256410256
6.842948717948718
6.5126903553299496
6.370883882149047
6.6545741324921135
6.568438003220612
6.46
6.125838926174497
6.380610412926392
6.7104430379746836
6.650897226753671
6.3779385171790235
6.641541038525963
6.688816855753647
6.418727915194347
6.510569105691057
6.525252525252525
6.728618421052632
6.600654664484452
6.420701168614357
6.288624787775891
6.688206785137318
6.5297906602254425
6.47682119205298
6.627677100494234
6.714516129032258
6.861236802413273
6.504118616144975
6.638474295190713
6.793220338983051
6.533687943262412
6.663492063492064
6.455160744500846
6.599001663893511
6.610114192495922
6.470070422535211
6.453752181500873
6.798412698412698
6.685092127303182
6.472602739726027
6.526770293609672
6.425641025641026
6.29074074074074
6.646774193548387
6.3322091062394605
6.84688995215311
6.6215780998389695
6.495636998254799
6.306089743589744
6.703020134228188
6.961119751166407
6.880064829821718
6.933333333333334
6.6612377850162865
6.519607843137255
6.367521367521367
6.3915254237288135
6.379897785349233
6.593698175787728
6.5691768826619965
6.578414839797639
6.720890410958904
6.438474870017331
6.742951907131012
6.901315789473684
6.323529411764706
6.630615640599002
6.993589743589744
6.6991735537190085
6.820063694267516
6.347368421052631
6.930981595092025
