79.0
82.0
88.0
77.0
68.0
73.0
101.0
88.0
84.0
102.0
84.0
68.0
80.0
91.0
102.0
63.0
85.0
73.0
95.0
69.0
89.0
79.0
104.0
96.0
91.0
69.0
68.0
80.0
81.0
69.0
106.0
108.0
73.0
95.0
88.0
70.0
72.0
79.0
81.0
78.0
81.0
60.0
60.0
83.0
69.0
70.0
78.0
59.0
65.0
87.0
73.0
62.0
61.0
47.0
89.0
61.0
81.0
63.0
67.0
95.0
80.0
65.0
54.0
88.0
68.0
59.0
110.0
88.0
52.0
74.0
96.0
68.0
58.0
63.0
60.0
65.0
105.0
80.0
78.0
87.0
75.0
89.0
91.0
81.0
64.0
80.0
101.0
85.0
111.0
52.0
77.0
96.0
83.0
78.0
73.0
74.0
80.0
105.0
62.0
82.0
90.0
68.0
97.0
77.0
81.0
95.0
84.0
68.0
60.0
84.0
93.0
60.0
64.0
71.0
119.0
85.0
100.0
114.0
79.0
72.0
101.0
88.0
102.0
50.0
82.0
90.0
96.0
97.0
87.0
74.0
85.0
90.0
80.0
67.0
79.0
98.0
81.0
73.0
74.0
64.0
99.0
51.0
62.0
83.0
99.0
109.0
91.0
59.0
92.0
76.0
74.0
103.0
105.0
69.0
97.0
116.0
50.0
67.0
96.0
87.0
73.0
92.0
90.0
111.0
90.0
76.0
78.0
75.0
76.0
68.0
73.0
86.0
57.0
109.0
93.0
95.0
66.0
90.0
88.0
103.0
89.0
80.0
98.0
90.0
85.0
76.0
112.0
110.0
64.0
84.0
83.0
92.0
113.0
81.0
79.0
97.0
93.0
76.0
69.0
70.0
103.0
107.0
80.0
101.0
88.0
61.0
96.0
98.0
99.0
98.0
67.0
62.0
100.0
98.0
99.0
101.0
114.0
120.0
96.0
98.0
108.0
78.0
101.0
84.0
99.0
94.0
79.0
90.0
98.0
98.0
85.0
97.0
92.0
64.0
103.0
81.0
141.0
110.0
77.0
78.0
101.0
120.0
108.0
125.0
100.0
82.0
80.0
96.0
79.0
91.0
89.0
87.0
94.0
74.0
100.0
123.0
83.0
105.0
119.0
119.0
117.0
87.0
150.0
