399.18760011902083
350.5454883742441
329.64906437894285
353.52551479415695
355.5877322138969
325.83379621647816
379.6620030644043
348.8024374954375
378.970007216972
373.1932427221979
379.02835351747626
341.7615095223839
354.6998105915916
367.4769296182624
373.66419951931226
324.4263069697896
338.90030003732454
357.6153033198219
383.66089115590137
368.2987384162223
340.23790594958393
362.74996811903867
354.93139155474705
366.16620807846385
379.2540361505415
344.2570699349293
378.4909791324666
378.10631703317875
352.2993789839394
373.12807416336426
365.1506481418558
372.26028098857944
308.9592255554368
347.85907340971823
372.38561573675815
382.90418214895425
339.1893121182413
356.12784044973375
332.89668138904125
341.4674105632248
383.2803363634915
362.20220316874804
365.9473142122091
394.0049173215342
342.65290029034014
331.4088661611394
341.38392894929433
346.0372189375859
370.7369565154726
405.1197291536655
376.2841561325615
348.6343605702988
317.3391261457201
374.5670399500276
332.8179555394796
328.2098630639766
388.1343530833723
354.5882885096901
329.98438871779297
382.8290762147511
360.1595022470759
374.5406990053559
368.260100738332
362.5525674830411
340.3129490022607
347.1825992293246
356.0054373714321
367.3570332476874
354.3899762689881
361.3036601358457
356.96651922171264
343.74896187710095
359.62481619592535
382.9626543833657
377.7029926564829
343.1021872600723
376.7821371704566
361.09960496052173
355.83339211170676
345.092034096925
382.7857753747171
348.682958011991
324.4631049936228
396.50871802813174
356.870041846754
354.2108051465067
386.4788019870957
338.7025757577531
337.56167013713196
335.44632181679685
371.9154519268484
376.6667492533713
367.9745987669786
347.9884445933586
332.4583134289643
359.8517048189241
363.4710613401877
395.12546020183504
348.9566821716339
392.2408606411874
388.50093959382235
349.2922970502633
360.7802159597459
358.2545178729553
384.19403965533803
351.5776024673859
369.40636276414455
386.9688076434707
349.2526410215991
391.74946128428127
356.577254331654
370.2773450911328
349.17885978163906
359.45843593935024
373.40026372103017
346.0506115824195
369.7429264479332
381.87973921400265
381.48612195666595
346.35810511877025
364.2440425516678
333.4746573872785
364.26499254934447
350.7127648149809
375.8281544367283
340.1415424981391
342.460996352261
368.2891774669182
352.0693938423997
326.0444756208963
364.50293827506346
372.67322216210425
353.71293906714186
337.0335606871569
380.03381956810455
368.30079063174287
345.6338672899582
374.66377204579476
375.1364468830369
346.3562577201142
350.9304888516913
369.3408457682816
358.72667411060763
382.18501241069765
361.5097486109075
411.7878668206742
381.29760018017765
364.873699939617
378.1170312253375
364.27046120802373
329.8766358605009
352.9988011295875
378.25098176406084
350.1629027364297
401.5582159289741
364.9928086620674
357.13158461138823
348.2001288672109
395.1583222301361
367.5825431077434
355.4425922678007
359.39659981789134
373.37109541099824
371.3660824487673
382.18802913972615
377.8506326056835
360.05492924590465
346.56262945120795
367.60467085134155
381.6718987372479
352.8086761389958
370.1740179341057
367.37537408019404
348.50457728099167
371.74509272351594
369.88233624065117
373.0137524224764
357.5813231580821
383.51799400162963
351.8288100309662
349.49379489236077
357.1981672583409
328.7517360645585
380.6367272924724
359.21551079221274
376.46724879921106
390.02740686552704
379.398532690557
356.2197151040838
330.9120700353229
339.3376972933539
369.4777706373951
372.13500439390225
368.03265516807573
350.4329426652734
366.87956326739834
405.02625145091383
356.52065154417807
357.08915068675185
345.3187213758799
361.4418418749495
369.8252933968721
344.42506785897285
359.39498071830633
388.33662217544725
352.93987686123444
359.87018021838566
349.172770255016
371.90563545157835
351.7946890457963
371.7023731280426
374.93085104714976
402.3611818683583
383.702744440504
366.5847584717027
354.535137412521
361.9764389919759
400.3151707834536
340.6387884854884
365.5994278129057
349.23060395337166
344.2820891799414
380.23557808395697
337.87315992396594
350.89967151051854
368.5937531481448
356.8480093522785
331.6116263996804
386.00073514335736
371.58339267787926
365.8947447666079
337.4555119985475
316.2940665758379
323.5854561403155
395.4692398996906
353.04257000516293
376.7284016348911
376.29111589124665
345.24125691762936
359.5957309633091
357.73992583181337
400.57808160963225
367.74487811288657
356.32421337122895
358.1311033012125
357.8112832968225
346.796756403155
339.2550487678192
342.5227113558359
362.3471838586506
336.33276403273004
359.07894865267815
376.22535186571787
351.5360920532401
352.4041068455546
389.37929789240366
365.9843332353911
346.5971995576132
401.38206611992064
336.6449699625732
378.80178278387996
340.19117643579233
359.9230017053162
