271.30309997024483
248.913627906439
180.1877339052643
279.0686213014607
343.30306694652575
301.2915509458804
120.13449923389894
222.2743906261406
291.6824981957569
117.62668931945049
204.84291162063096
347.034622619404
291.65004735210215
162.1557675954344
132.13395012017196
327.6684232575526
217.44992499066888
337.27117417004445
153.23477721102472
306.3003153959444
185.115523512604
274.06250797024035
97.39215211131325
186.18344798038407
182.63649096236466
335.43573251626765
362.15225521688336
293.6984207417054
210.85015525401514
353.74298145915895
91.21233796453606
82.68492975285517
291.9601936111408
123.78523164757041
214.20359606581047
304.7239544627615
326.3026719704397
284.84303988756653
205.20082965273963
252.20814735919376
272.02991590912717
406.69944920781296
371.13817144694775
284.1987706696164
301.16177492741497
316.6977834597152
280.9290177626764
371.8156952656036
371.5407608711319
279.14506771158364
309.8039609668596
413.99140985742525
338.14021846357
481.10824001249296
213.9705111151301
362.3475342340058
266.5914117291569
391.67792787257747
305.9039028205517
191.66773094631222
231.58512443823105
366.464825248661
409.8599748154169
204.96185812923972
349.4967627494348
407.7043501926688
40.29864065714196
206.51074168807818
453.677505932753
282.39908496603863
177.0333701945718
352.41275953072466
370.34379595101865
399.8093364041586
417.8242518358792
374.9744531849819
77.52946570738587
232.40009875986956
314.26665197207325
232.37699147576873
328.4535561563208
196.3792604970022
182.65922375159434
251.74782049296704
370.65748953831155
225.0972987133733
138.53029950322608
230.42435606056173
52.45958246571702
458.9134195458008
271.5461370182879
175.9083126866572
204.50635030825532
259.20288885166036
287.3354216427589
333.93707379526893
251.5322346649531
119.51863494954122
349.61082945709154
233.21478483970313
197.87476510154443
319.5019257374341
142.47994601006357
298.9363705317611
251.35149008616554
139.50559938315354
256.54840930896376
373.2327980891324
380.53683974460034
258.86263467892974
169.30568641708652
373.88066372721676
371.98028505459024
330.7103910151625
-8.400065930257501
204.48734710439516
159.83926838801673
50.20506519649935
248.47846951083346
292.9104737203075
115.18898936208302
169.40633565318038
134.1087518626639
427.42180879625477
256.8929613908179
187.36461437546527
136.90975091193474
117.42770563327049
197.5076515394001
268.08888109477596
256.72426543123413
193.33169445947397
228.3467652332145
329.54160982821077
276.6165451079738
183.82480234206432
181.39153317751047
283.63405698855127
312.0408882792408
343.1109355699714
139.6673777870772
436.1897885579298
355.2683314723481
221.90374689732556
137.39756284727315
106.37803329483151
180.90059995495557
377.0815750150958
184.02074219366563
275.1573846979941
249.98084103487471
93.9252997176031
87.0122545589848
326.9092743158927
135.5354460177565
24.35179783448315
460.9171038471529
342.7499677831973
185.835419442466
206.6543642230641
306.5893519330499
138.52585004552714
217.3822261472504
24.65847938780817
216.05299271506846
253.86234184857912
232.11126768852378
283.68434263719803
265.4238322871646
342.782025315688
282.6978309652511
224.03149551647357
402.2561564799513
69.5738556797521
144.86372681912104
127.35441593983724
330.071561894381
238.80466921047946
230.1705014995926
111.49279749225846
213.77655127690977
261.8504581854148
162.11206598386042
236.71581817688178
193.3211223019468
283.23318780019724
52.91814828361824
57.97536682736072
409.4450712239791
185.34698249116923
247.14057567666154
204.20555734065113
43.71624890152446
234.316836207981
237.69176433368165
180.85510918315032
183.81843713727156
288.1698371139555
345.9027123283121
271.12031965603006
134.5645395312626
78.76867665078197
195.36873303525684
99.77625482042342
211.3908444561382
344.2900307846915
167.73245494540365
124.00680743624594
123.19859113710542
145.576327738551
347.62440671798936
372.46728723821263
126.90970453291041
155.94931388987396
129.9538103820743
116.6412156468698
39.280890252005996
44.746207304136604
160.74030287862783
128.37514304677362
36.092349011657056
219.55447770501465
143.09110547901076
223.40671001900847
123.82508212237038
171.95156171296378
218.16299766193043
155.74709340007993
156.27481621416064
115.7791518305302
198.02631380834805
111.21112200036312
165.00148335604052
296.3286359649211
111.05769002507733
249.11435749870924
-149.15710040872278
69.52722102718833
241.5396857705927
316.9760672591728
95.94001854204669
10.155479597591956
67.68878047177837
-76.08105334280717
131.7172241746968
261.29717917579444
243.92581089921123
140.3612378080452
254.49432216104097
180.21320403533736
153.59180899181754
194.6552628368305
121.56866203357053
269.49097698668993
112.94897328861131
-57.04482447310094
261.25391669115226
81.47570011059668
-12.645516529980119
-11.13624249064329
21.074554304030038
174.60220589105194
-174.905750426329
